First MST145716 5682.0
145702 895.0
145684 957.0
145651 1048.0
145648 1022.0
145606 818.0
145583 818.0
145554 866.0
145554 842.0
145554 873.0
145541 995.0
145532 905.0
145532 845.0
145482 813.0
145473 875.0
145471 893.0
145471 846.0
145471 912.0
145420 884.0
145420 928.0
145420 956.0
145409 1041.0
145409 1087.0
145367 1312.0
145367 1049.0
145333 820.0
145297 813.0
145265 833.0
145261 996.0
145261 1735.0
145261 1135.0
145261 1117.0
145261 1117.0
145241 1189.0
145237 1260.0
145235 1284.0
145214 1413.0
145205 1443.0
145205 1117.0
145195 1024.0
145181 1018.0
145166 1049.0
145153 1099.0
145142 1236.0
145142 1121.0
145142 1021.0
145142 1032.0
145137 1345.0
145131 1258.0
145131 1250.0
145078 1349.0
145059 1356.0
145059 1123.0
145049 1037.0
145019 1000.0
145019 998.0
145019 1034.0
145019 1072.0
145019 1168.0
145014 910.0
145006 836.0
144978 896.0
144957 1019.0
144953 978.0
144953 985.0
144943 1055.0
144943 1077.0
144920 1124.0
144920 993.0
144920 866.0
144920 842.0
144920 850.0
144919 865.0
144919 920.0
144878 979.0
144878 903.0
144796 878.0
144796 838.0
144796 858.0
144796 1087.0
144773 1002.0
144773 967.0
144749 1033.0
144715 1088.0
144691 1117.0
144658 1092.0
144624 895.0
144610 851.0
144610 870.0
144584 873.0
144557 921.0
144524 979.0
144524 963.0
144524 956.0
144524 1024.0
144517 1056.0
144489 1098.0
144485 992.0
144485 904.0
144454 901.0
144454 951.0
144445 1028.0
144370 995.0
144353 965.0
144353 925.0
144314 889.0
144238 909.0
144238 919.0
144236 976.0
144236 1042.0
144220 1081.0
144209 1102.0
144209 909.0
144188 888.0
144168 857.0
144110 941.0
144110 1086.0
144110 868.0
144066 874.0
144066 1021.0
144066 1079.0
144066 1015.0
144066 1048.0
144046 980.0
144046 1144.0
144039 1116.0
144029 1108.0
144029 896.0
144029 863.0
144028 872.0
144014 881.0
143966 957.0
143966 998.0
143966 980.0
143966 951.0
143966 938.0
143966 992.0
143899 1012.0
143899 1086.0
143848 1081.0
143848 907.0
143848 860.0
143832 863.0
143832 871.0
143832 939.0
143832 995.0
143832 931.0
143832 863.0
143818 820.0
143816 913.0
143805 883.0
143795 915.0
143795 902.0
143792 938.0
143792 928.0
143792 1082.0
143737 1174.0
143737 1146.0
143708 1132.0
143634 966.0
143623 971.0
143574 1131.0
143574 1357.0
143521 1161.0
143521 942.0
143505 1002.0
143483 944.0
143483 1010.0
143458 895.0
143458 1000.0
143415 1071.0
143410 969.0
143410 930.0
143384 892.0
143384 952.0
143384 958.0
143384 888.0
143382 922.0
143363 1029.0
143363 881.0
143342 884.0
143342 872.0
143336 994.0
143336 989.0
143336 913.0
143336 990.0
143336 982.0
143336 1030.0
143326 1121.0
143304 1106.0
143304 880.0
143282 835.0
143257 845.0
143257 850.0
143257 886.0
143257 1046.0
143219 1007.0
143219 1027.0
143213 999.0
143191 932.0
143191 892.0
143191 844.0
143158 842.0
143147 924.0
143147 870.0
143136 841.0
143136 859.0
143136 852.0
143132 873.0
143132 960.0
143132 943.0
143132 890.0
143127 853.0
143127 907.0
143127 883.0
143118 955.0
143101 1005.0
143085 1069.0
143085 1103.0
143085 975.0
143076 879.0
143076 889.0
143076 873.0
143076 948.0
143023 1015.0
143005 916.0
143005 915.0
143005 820.0
142985 919.0
142985 849.0
142985 849.0
142985 875.0
142985 1025.0
142967 953.0
142967 851.0
142967 878.0
142967 862.0
142929 911.0
142929 908.0
142906 961.0
142862 1008.0
142845 1100.0
142828 1140.0
142828 981.0
142828 870.0
142828 892.0
142819 869.0
142772 925.0
142699 1005.0
142671 915.0
142671 844.0
142667 826.0
142664 946.0
142664 921.0
142662 900.0
142624 915.0
142572 979.0
142564 982.0
142560 1053.0
142543 1085.0
142543 1092.0
142519 898.0
142519 881.0
142519 918.0
142511 1114.0
142493 1299.0
142493 1088.0
142489 998.0
142459 825.0
142459 862.0
142448 829.0
142448 870.0
142448 845.0
142428 819.0
142428 1101.0
142428 1495.0
142402 1021.0
142385 905.0
142385 1091.0
142385 1075.0
142363 1284.0
142363 1220.0
142362 1000.0
142362 973.0
142360 1024.0
142360 954.0
142317 954.0
142308 926.0
142308 1178.0
142308 1227.0
142299 897.0
142263 1133.0
142263 914.0
142263 903.0
142256 1196.0
142256 1079.0
142256 1132.0
142256 934.0
142239 972.0
142239 1022.0
142239 1899.0
142187 1882.0
142187 1549.0
142119 1302.0
142119 1426.0
142119 1512.0
142119 1379.0
142111 1743.0
142111 1419.0
142111 1429.0
142111 1257.0
142105 1326.0
142105 1027.0
142105 1196.0
142088 1385.0
142088 1411.0
142061 1707.0
142032 1126.0
141994 1556.0
141994 1301.0
141961 1101.0
141961 1079.0
141952 1174.0
141907 1249.0
141894 1257.0
141894 1279.0
141888 1256.0
141888 1186.0
141888 1090.0
141888 1048.0
141853 1046.0
141853 1058.0
141816 1091.0
141788 969.0
141788 1087.0
141788 1042.0
141788 1269.0
141788 1558.0
141788 1229.0
141788 1015.0
141764 1038.0
141764 1066.0
141764 993.0
141764 995.0
141759 972.0
141743 958.0
141733 1024.0
141719 1199.0
141719 1053.0
141719 971.0
141695 1006.0
141677 982.0
141657 994.0
141657 967.0
141649 1141.0
141639 1013.0
141603 1007.0
141597 963.0
141562 874.0
141562 837.0
141562 869.0
141562 1035.0
141562 934.0
141562 882.0
141534 869.0
141484 995.0
141484 848.0
141484 889.0
141466 963.0
141422 889.0
141418 844.0
141418 869.0
141403 937.0
141403 971.0
141403 864.0
141403 834.0
141403 926.0
141387 844.0
141387 893.0
141359 953.0
141359 996.0
141359 940.0
141293 978.0
141293 956.0
141293 945.0
141200 922.0
141164 880.0
141141 844.0
141138 833.0
141138 1014.0
141127 887.0
141112 819.0
141045 912.0
141045 867.0
141045 868.0
141045 849.0
141045 841.0
141031 970.0
141031 857.0
141031 820.0
141029 889.0
141029 850.0
141026 878.0
141026 1000.0
141026 922.0
141026 970.0
141026 1005.0
140990 1322.0
140990 1215.0
140970 1107.0
140970 1065.0
140960 1108.0
140938 1068.0
140938 1007.0
140895 930.0
140869 861.0
140869 824.0
140863 875.0
140851 844.0
140847 798.0
140847 866.0
140847 821.0
140828 861.0
140827 1299.0
140792 1197.0
140777 1240.0
140777 1262.0
140723 1085.0
140718 1256.0
140718 1315.0
140718 1171.0
140718 1072.0
140718 1038.0
140699 1003.0
140699 1040.0
140682 1059.0
140674 1238.0
140672 1010.0
140672 985.0
140672 1029.0
140672 974.0
140656 1016.0
140614 1115.0
140614 997.0
140614 966.0
140614 1044.0
140596 986.0
140564 1161.0
140564 1120.0
140488 1056.0
140470 1141.0
140470 1118.0
140470 1135.0
140452 1134.0
140408 1110.0
140403 1038.0
140392 961.0
140360 839.0
140343 999.0
140343 863.0
140343 948.0
140302 1199.0
140301 2288.0
140301 1903.0
140286 1298.0
140286 2111.0
140284 2034.0
140265 1060.0
140265 1259.0
140245 1308.0
140213 1602.0
140213 1473.0
140194 1371.0
140194 1279.0
140194 1212.0
140194 1041.0
140194 1013.0
140194 1383.0
140185 1473.0
140185 1514.0
140185 1607.0
140176 1539.0
140176 1105.0
140174 991.0
140154 1005.0
140114 1152.0
140111 997.0
140060 995.0
140045 1331.0
140045 1487.0
140026 1187.0
140026 1379.0
140026 1176.0
140015 1093.0
140015 1429.0
140008 1309.0
140008 1346.0
139997 1452.0
139997 1434.0
139986 1304.0
139986 1281.0
139977 1993.0
139972 1537.0
139972 1722.0
139960 1744.0
139946 1139.0
139946 1725.0
139905 1435.0
139905 2050.0
139886 1177.0
139886 1447.0
139886 1194.0
139876 2000.0
139876 1213.0
139876 1770.0
139876 1258.0
139800 1184.0
139786 1135.0
139786 1248.0
139772 967.0
139772 1007.0
139761 856.0
139749 894.0
139749 828.0
139748 851.0
139748 1018.0
139748 927.0
139737 903.0
139694 1025.0
139694 1080.0
139694 1106.0
139694 1057.0
139677 1052.0
139677 1069.0
139677 1214.0
139659 949.0
139659 1163.0
139659 925.0
139659 898.0
139638 808.0
139599 864.0
139582 837.0
139582 1026.0
139582 925.0
139582 1090.0
139582 1076.0
139582 1037.0
139527 1012.0
139489 1094.0
139489 1109.0
139489 1435.0
139489 1108.0
139489 1085.0
139485 1023.0
139485 1235.0
139477 989.0
139458 869.0
139458 854.0
139458 838.0
139458 1069.0
139458 983.0
139458 964.0
139436 1207.0
139436 838.0
139436 895.0
139436 849.0
139434 897.0
139411 876.0
139404 838.0
139382 850.0
139378 1019.0
139376 939.0
139367 879.0
139332 968.0
139332 982.0
139315 963.0
139296 958.0
139296 951.0
139296 915.0
139296 882.0
139296 821.0
139296 858.0
139296 880.0
139296 807.0
139296 872.0
139296 838.0
139296 869.0
139296 846.0
139289 850.0
139230 907.0
139215 952.0
139206 887.0
139206 856.0
139197 907.0
139180 897.0
139162 882.0
139162 851.0
139151 833.0
139151 839.0
139145 923.0
139145 904.0
139104 842.0
139095 927.0
139060 805.0
139060 910.0
139007 873.0
139007 842.0
139007 849.0
138990 967.0
138990 856.0
138984 802.0
138984 873.0
138984 845.0
138957 1005.0
138933 932.0
138932 958.0
138932 922.0
138932 993.0
138913 1097.0
138901 1210.0
138898 1126.0
138898 1116.0
138880 1082.0
138876 1073.0
138863 1123.0
138850 1146.0
138850 998.0
138843 1203.0
138804 1171.0
138804 1333.0
138804 1102.0
138792 1191.0
138791 1088.0
138780 1029.0
138745 1057.0
138716 1167.0
138716 1164.0
138716 986.0
138707 1153.0
138707 1050.0
138690 1083.0
138683 994.0
138683 1005.0
138683 1012.0
138663 1074.0
138663 1147.0
138655 1106.0
138655 1130.0
138652 1116.0
138652 1106.0
138588 1018.0
138588 987.0
138588 1012.0
138588 1151.0
138582 1015.0
138582 990.0
138582 1019.0
138535 1020.0
138505 831.0
138467 931.0
138467 1052.0
138454 1035.0
138380 837.0
138371 852.0
138349 1004.0
138349 992.0
138349 1011.0
138333 1039.0
138331 1083.0
138328 1099.0
138305 921.0
138272 849.0
138249 857.0
138249 868.0
138249 925.0
138249 970.0
138249 905.0
138194 837.0
138182 820.0
138137 875.0
138135 820.0
138111 904.0
138045 833.0
138015 844.0
137969 859.0
137969 922.0
137969 1015.0
137966 935.0
137966 839.0
137927 813.0
137927 901.0
137891 820.0
137891 862.0
137864 825.0
137834 991.0
137818 905.0
137817 948.0
137794 953.0
137780 998.0
137756 1005.0
137756 1046.0
137740 1046.0
137733 1062.0
137733 1004.0
137722 944.0
137708 898.0
137708 852.0
137684 830.0
137684 984.0
137684 847.0
137672 897.0
137623 850.0
137586 1022.0
137586 945.0
137586 926.0
137586 922.0
137586 873.0
137586 867.0
137586 851.0
137570 830.0
137561 873.0
137561 903.0
137550 824.0
137550 859.0
137515 855.0
137515 823.0
137479 891.0
137479 833.0
137479 845.0
137479 1102.0
137479 1054.0
137444 1103.0
137419 1014.0
137419 935.0
137372 869.0
137312 898.0
137281 1054.0
137266 934.0
137266 882.0
137266 829.0
137266 813.0
137266 861.0
137266 803.0
137259 841.0
137254 848.0
137254 947.0
137225 923.0
137225 878.0
137225 927.0
137225 937.0
137203 996.0
137203 1005.0
137203 1022.0
137182 992.0
137182 978.0
137182 922.0
137182 876.0
137182 855.0
137136 818.0
137136 918.0
137136 837.0
137135 900.0
137135 829.0
137135 814.0
137135 878.0
137131 842.0
137130 980.0
137130 875.0
137120 873.0
137106 854.0
137106 861.0
137084 841.0
137082 964.0
137082 898.0
137082 926.0
137082 975.0
137082 982.0
137082 1050.0
137071 1121.0
137064 1113.0
137064 1087.0
137064 1036.0
137064 974.0
137064 902.0
137064 840.0
137064 831.0
137064 932.0
137064 855.0
137040 830.0
137040 833.0
137014 909.0
137011 837.0
137011 848.0
137011 1083.0
137011 1014.0
137011 1110.0
137011 1109.0
137011 957.0
136989 873.0
136989 875.0
136989 924.0
136988 1071.0
136988 959.0
136980 898.0
136980 816.0
136980 850.0
136961 877.0
136932 792.0
136920 846.0
136887 856.0
136883 971.0
136883 927.0
136876 959.0
136876 981.0
136876 1023.0
136852 1041.0
136837 1101.0
136812 1109.0
136812 905.0
136782 869.0
136751 917.0
136725 1045.0
136709 952.0
136703 889.0
136698 836.0
136698 829.0
136694 881.0
136694 800.0
136694 907.0
136677 846.0
136677 865.0
136677 831.0
136677 874.0
136666 940.0
136657 913.0
136657 939.0
136657 930.0
136657 869.0
136657 844.0
136616 876.0
136600 845.0
136600 932.0
136600 897.0
136599 861.0
136599 832.0
136576 837.0
136576 913.0
136569 835.0
136569 939.0
136564 850.0
136564 826.0
136556 870.0
136548 906.0
136545 836.0
136545 997.0
136508 882.0
136508 852.0
136508 831.0
136499 862.0
136499 950.0
136471 947.0
136459 899.0
136424 840.0
136398 838.0
136382 840.0
136380 930.0
136364 908.0
136285 836.0
136285 928.0
136273 849.0
136271 823.0
136271 923.0
136271 837.0
136271 817.0
136228 891.0
136228 839.0
136228 972.0
136228 849.0
136228 879.0
136173 858.0
136154 908.0
136154 898.0
136154 901.0
136154 919.0
136154 867.0
136154 838.0
136145 822.0
136130 864.0
136130 919.0
136130 823.0
136069 808.0
136069 836.0
136048 872.0
136032 811.0
136032 932.0
136032 1051.0
136006 1072.0
136006 849.0
135982 921.0
135954 913.0
135954 942.0
135954 925.0
135939 890.0
135918 852.0
135918 824.0
135918 844.0
135888 976.0
135888 946.0
135863 900.0
135863 1191.0
135863 1059.0
135860 1336.0
135845 961.0
135845 1031.0
135818 951.0
135808 1082.0
135787 852.0
135763 829.0
135733 872.0
135648 860.0
135636 827.0
135617 926.0
135617 1201.0
135601 2191.0
135601 1808.0
135601 1524.0
135601 1974.0
135601 1170.0
135601 996.0
135601 1151.0
135583 1419.0
135550 1389.0
135542 1396.0
135542 1447.0
135520 1497.0
135520 1113.0
135520 1334.0
135520 1154.0
135520 1332.0
135520 1262.0
135520 1068.0
135520 981.0
135510 1295.0
135505 1031.0
135437 966.0
135424 1020.0
135417 991.0
135417 1145.0
135417 1095.0
135417 893.0
135417 944.0
135417 899.0
135397 891.0
135397 865.0
135397 860.0
135397 852.0
135363 932.0
135339 1086.0
135339 949.0
135339 1015.0
135326 941.0
135326 918.0
135326 872.0
135314 863.0
135314 937.0
135289 866.0
135249 821.0
135240 931.0
135208 853.0
135176 825.0
135154 842.0
135113 969.0
135113 884.0
135113 901.0
135093 876.0
135074 830.0
135039 837.0
135023 1061.0
135019 1069.0
135010 879.0
135001 1056.0
135001 1032.0
134982 1023.0
134949 994.0
134931 1035.0
134931 1221.0
134915 1019.0
134885 955.0
134885 1055.0
134885 1016.0
134885 1088.0
134885 1079.0
134885 943.0
134885 1017.0
134885 978.0
134885 1155.0
134858 1065.0
134846 1096.0
134844 1039.0
134844 1269.0
134844 1825.0
