First MST595477 317659.0
595477 15143.0
595477 16881.0
595475 13093.0
595475 13076.0
595473 13517.0
595471 13260.0
595429 14274.0
595429 14146.0
595397 14474.0
595391 19287.0
595388 18443.0
595381 18217.0
595381 14187.0
595378 16026.0
595375 14567.0
595375 14609.0
595375 14170.0
595372 14400.0
595356 14706.0
595356 14691.0
595309 14487.0
595309 14322.0
595282 15124.0
595282 15119.0
595236 14589.0
595230 14633.0
595230 14576.0
595212 14513.0
595212 15197.0
595212 14888.0
595211 14616.0
595208 16415.0
595205 18790.0
595205 15854.0
595181 17253.0
595162 20295.0
595155 15074.0
595155 14886.0
595130 14537.0
595087 15994.0
595054 20672.0
595054 18602.0
594981 15060.0
594981 15077.0
594955 16908.0
594946 15997.0
594941 18090.0
594852 18096.0
594852 16281.0
594835 20358.0
594771 21685.0
594771 17519.0
594759 15203.0
594719 15298.0
594718 15024.0
594713 15674.0
594693 15267.0
594669 15916.0
594669 19070.0
594667 16450.0
594642 16212.0
594642 16708.0
594632 15720.0
594632 15139.0
594554 14363.0
594553 14757.0
594553 15278.0
594553 14980.0
594553 14684.0
594553 15805.0
594553 15456.0
594552 16016.0
594552 15493.0
594546 15570.0
594546 15469.0
594484 15745.0
594484 15528.0
594484 14906.0
594484 15433.0
594423 15360.0
594423 15157.0
594396 14932.0
594396 15190.0
594396 25305.0
594346 21035.0
594318 27947.0
594318 23127.0
594318 28533.0
594277 19881.0
594252 20878.0
594252 19735.0
594252 16303.0
594252 27408.0
594231 19818.0
594196 16532.0
594196 17721.0
594168 17340.0
594167 15021.0
594132 14995.0
594132 15333.0
594118 18579.0
594053 15503.0
594046 15460.0
594046 15917.0
594036 16773.0
594034 19699.0
594024 21091.0
594024 16487.0
594024 24817.0
594010 18730.0
593971 14577.0
593971 15597.0
593946 15484.0
593927 22380.0
593927 25352.0
593915 21579.0
593913 17306.0
593884 18628.0
593884 18164.0
593884 21927.0
593884 22471.0
593884 17319.0
593869 15441.0
593858 16779.0
593858 17529.0
593815 20606.0
593815 18878.0
593808 15373.0
593796 15354.0
593753 15498.0
593705 15435.0
593665 15434.0
593653 17577.0
593653 19437.0
593596 26052.0
593596 20429.0
593585 19946.0
593585 19313.0
593559 19254.0
593545 19461.0
593545 19652.0
593545 24021.0
593512 26188.0
593512 20733.0
593506 18837.0
593506 19523.0
593506 19621.0
593493 25677.0
593492 19142.0
593492 24258.0
593439 19996.0
593404 20324.0
593388 18675.0
593388 16137.0
593388 15544.0
593388 14754.0
593360 15511.0
593323 16790.0
593277 15844.0
593260 25290.0
593233 24786.0
593233 26180.0
593233 19900.0
593233 19194.0
593233 18248.0
593193 16923.0
593147 15594.0
593136 14783.0
593125 15473.0
593125 22918.0
593114 21706.0
593108 20168.0
593099 19714.0
593071 20253.0
593071 19458.0
593071 19212.0
593026 23111.0
593013 25318.0
593011 18816.0
592997 19996.0
592997 18843.0
592997 15613.0
592997 14969.0
592984 15848.0
592984 15647.0
592984 16484.0
592984 29618.0
592976 22764.0
592968 26244.0
592951 20061.0
592942 16201.0
592932 15505.0
592874 15499.0
592874 15017.0
592874 19679.0
592856 25888.0
592810 28637.0
592773 24195.0
592746 26563.0
592746 19993.0
592746 30498.0
592720 27737.0
592698 19428.0
592698 18571.0
592660 15494.0
592651 14564.0
592651 14412.0
592606 15129.0
592606 15221.0
592606 15294.0
592603 14797.0
592603 15601.0
592603 15583.0
592558 15225.0
592558 15818.0
592527 15366.0
592521 15417.0
592504 16043.0
592504 16752.0
592495 17144.0
592460 15150.0
592439 14977.0
592388 23217.0
592334 27895.0
592334 21080.0
592334 18486.0
592334 15791.0
592322 22708.0
592322 18830.0
592322 20096.0
592322 18040.0
592322 16036.0
592288 15490.0
592241 15002.0
592241 15098.0
592176 20366.0
592176 24273.0
592176 21190.0
592147 19829.0
592147 21658.0
592086 18774.0
592058 16606.0
592058 15199.0
592058 15268.0
592006 15204.0
591958 14837.0
591947 15365.0
591930 15233.0
591914 15106.0
591914 15528.0
591894 14952.0
591852 14966.0
591852 29661.0
591848 18640.0
591792 16796.0
591792 17841.0
591768 17679.0
591746 23594.0
591746 27571.0
591735 23058.0
591724 17883.0
591724 16089.0
591724 15268.0
591708 14925.0
591695 14881.0
591695 14423.0
591666 14700.0
591659 14398.0
591659 14827.0
591659 14851.0
591659 14571.0
591650 14851.0
591595 15595.0
591595 16813.0
591576 17595.0
591558 20664.0
591533 23124.0
591533 19993.0
591514 19067.0
591514 19735.0
591514 14116.0
591514 15054.0
591514 17487.0
591514 17198.0
591514 14907.0
591465 15973.0
591457 25352.0
591457 27594.0
591442 19671.0
591387 20078.0
591311 20188.0
591311 28586.0
591311 32279.0
591310 23005.0
591310 19645.0
591310 18712.0
591310 15445.0
591290 14247.0
591290 14457.0
591288 15351.0
591284 14598.0
591284 15227.0
591277 15239.0
591277 16680.0
591277 14753.0
591277 14537.0
591275 14964.0
591275 15664.0
591275 16208.0
591275 15408.0
591247 14671.0
591247 14785.0
591179 17118.0
591169 17101.0
591169 18396.0
591151 14950.0
591089 18515.0
591003 17162.0
591003 16193.0
591003 19605.0
590992 18751.0
590974 17083.0
590921 14952.0
590911 20078.0
590911 18309.0
590911 17896.0
590898 15548.0
590898 20375.0
590898 20565.0
590847 15449.0
590847 14622.0
590788 15348.0
590788 16417.0
590779 17198.0
590754 16584.0
590754 17975.0
590754 17645.0
590734 19552.0
590734 16705.0
590706 16356.0
590706 20705.0
590706 22334.0
590706 22455.0
590700 15292.0
590700 16522.0
590684 16271.0
590680 17906.0
590680 17243.0
590679 19742.0
590679 23294.0
590632 21579.0
590600 19815.0
590590 15387.0
590577 15886.0
590572 15255.0
590572 15482.0
590572 16294.0
590534 16433.0
590522 15714.0
590522 17349.0
590522 15720.0
590514 16379.0
590514 15757.0
590468 16244.0
590451 16697.0
590451 16362.0
590451 16507.0
590419 16883.0
590397 17024.0
590387 17248.0
590331 16047.0
590290 17878.0
590290 20734.0
590290 15605.0
590290 18610.0
590290 21493.0
590290 15511.0
590290 15291.0
590290 21025.0
590290 16790.0
590290 17761.0
590271 20541.0
590271 18570.0
590255 18162.0
590173 25904.0
590160 29891.0
590149 29425.0
590134 28886.0
590120 22982.0
590120 28017.0
590120 21762.0
590115 20649.0
590115 16686.0
590115 15624.0
590115 19576.0
590105 25670.0
590082 25015.0
590082 28944.0
590082 28283.0
590082 26139.0
590053 19929.0
590022 14820.0
589966 16664.0
589966 17322.0
589932 18987.0
589929 16473.0
589907 16377.0
589907 16211.0
589906 15679.0
589906 25102.0
589857 21676.0
589833 23553.0
589833 19212.0
589745 19800.0
589733 17153.0
589729 19549.0
589695 17475.0
589689 14551.0
589689 14765.0
589689 14686.0
589689 14414.0
589689 14162.0
589689 14441.0
589684 14873.0
589684 15055.0
589666 13836.0
589666 14633.0
589660 14483.0
589660 14322.0
589660 14436.0
589660 14224.0
589660 14892.0
589618 14667.0
589618 14855.0
589601 15019.0
589568 14407.0
589568 14490.0
589545 14339.0
589477 14367.0
589477 15405.0
589429 14260.0
589429 14234.0
589429 14722.0
589406 14960.0
589406 14644.0
589406 14810.0
589338 14732.0
589338 16671.0
589335 14768.0
589322 14384.0
589322 14563.0
589322 23429.0
589256 20062.0
589247 16639.0
589226 15393.0
589226 24593.0
589226 20360.0
589188 23342.0
589187 28572.0
589179 22084.0
589166 19480.0
589160 32102.0
589160 26955.0
589143 26231.0
589143 26753.0
589136 27722.0
589122 24026.0
589107 16452.0
589068 17096.0
589062 21035.0
589062 22744.0
589059 20193.0
589059 18881.0
589051 19186.0
589051 28227.0
589032 19019.0
589032 19981.0
588965 18756.0
588965 17423.0
588957 15438.0
588921 14914.0
588912 15714.0
588912 15540.0
588880 15875.0
588799 15561.0
588799 15041.0
588755 15079.0
588750 15121.0
588739 14894.0
588737 15323.0
588737 15016.0
588706 15222.0
588706 14583.0
588706 15337.0
588674 15389.0
588674 15100.0
588618 14599.0
588618 15477.0
588618 15747.0
588618 15568.0
588618 14691.0
588618 14768.0
588618 14603.0
588605 14491.0
588605 15372.0
588605 14886.0
588596 15288.0
588596 14983.0
588562 15294.0
588562 15645.0
588562 14960.0
588562 14894.0
588559 14588.0
588559 15274.0
588559 15640.0
588533 18401.0
588533 15210.0
588533 14819.0
588525 14474.0
588521 14793.0
588520 14142.0
588511 14837.0
588511 14894.0
588477 14681.0
588477 14693.0
588477 14529.0
588477 14494.0
588464 14590.0
588447 14706.0
588423 15403.0
588423 14723.0
588417 14887.0
588417 14667.0
588417 15950.0
588386 17328.0
588386 18186.0
588351 16118.0
588351 21341.0
588316 16756.0
588298 19496.0
588255 17511.0
588255 15559.0
588253 16150.0
588253 17062.0
588253 21437.0
588253 17443.0
588251 25886.0
588213 22976.0
588193 22165.0
588177 20609.0
588177 23260.0
588177 21641.0
588123 15527.0
588112 15791.0
588101 15922.0
588101 15148.0
588101 15858.0
588101 15681.0
588101 15351.0
588101 15791.0
588101 15555.0
588090 15838.0
588090 15724.0
588061 15799.0
588045 16798.0
588045 18549.0
588038 16331.0
588038 16105.0
588020 15387.0
588006 16696.0
588006 17965.0
587999 14857.0
587990 14555.0
587966 14654.0
587966 14649.0
587966 14640.0
587939 14944.0
587939 14699.0
587939 14636.0
587939 15015.0
587930 14894.0
587930 14691.0
587930 14659.0
587930 14778.0
587930 14635.0
587930 14613.0
587929 14866.0
587929 15555.0
587929 15378.0
587906 14813.0
587893 14729.0
587893 15033.0
587887 14886.0
587863 14645.0
587843 14973.0
587774 14831.0
587761 15183.0
587761 14251.0
587761 15146.0
587761 15219.0
587761 14397.0
587761 14549.0
587718 14842.0
587718 14794.0
587711 14722.0
587711 14436.0
587711 14762.0
587708 14559.0
587708 14408.0
587701 15447.0
587701 14392.0
587701 14649.0
587701 14713.0
587701 14958.0
587696 14688.0
587668 14758.0
587650 15157.0
587644 14666.0
587639 15002.0
587630 14822.0
587630 14357.0
587622 14526.0
587607 15742.0
587570 15133.0
587570 14637.0
587565 14365.0
587505 14429.0
587494 14615.0
587487 14800.0
587464 14943.0
587453 14342.0
587453 14693.0
587416 14522.0
587416 14790.0
587416 15166.0
587416 23121.0
587416 16139.0
587416 15170.0
587416 14705.0
587416 15003.0
587404 14677.0
587404 17179.0
587404 16668.0
587394 16563.0
587377 15061.0
587377 14894.0
587377 15030.0
587377 15541.0
587349 17694.0
587307 18800.0
587307 17254.0
587300 19466.0
587300 17773.0
587285 16436.0
587285 15587.0
587267 15572.0
587212 15694.0
587162 15964.0
587143 15316.0
587143 15873.0
587132 15713.0
587094 14852.0
587043 14867.0
587009 15681.0
587009 15986.0
587003 20154.0
586989 20913.0
586937 20606.0
586937 16063.0
586895 15185.0
586868 17410.0
586868 16757.0
586868 17809.0
586839 14955.0
586839 14511.0
586802 14674.0
586789 15144.0
586781 15130.0
586758 18577.0
586758 21749.0
586757 15201.0
586757 17166.0
586749 22560.0
586712 17251.0
586712 18945.0
586700 15015.0
586678 14703.0
586678 15331.0
586672 15142.0
586672 15007.0
586621 14936.0
586621 14697.0
586612 14717.0
586603 15336.0
586569 14989.0
586567 14713.0
586555 14680.0
586481 15046.0
586422 16139.0
586415 17892.0
586415 14952.0
586373 14728.0
586373 15256.0
586349 15290.0
586349 14747.0
586349 15052.0
586349 14627.0
586347 15050.0
586347 14950.0
586323 14710.0
586299 14660.0
586299 14656.0
586299 15031.0
586299 15521.0
586299 15211.0
586299 14573.0
586299 14569.0
586270 14705.0
586264 15256.0
586245 15253.0
586245 14609.0
586245 14415.0
586231 14883.0
586231 15508.0
586223 15847.0
586223 15724.0
586223 18994.0
586221 15721.0
586196 15154.0
586183 14794.0
586169 15235.0
586167 15160.0
586167 14715.0
586167 15094.0
586138 14914.0
586134 14843.0
586127 15025.0
586115 15216.0
586115 15085.0
586115 15155.0
586115 14913.0
586104 14916.0
586068 14341.0
586068 15035.0
586046 15283.0
585976 14758.0
585937 14383.0
585937 14627.0
585937 14948.0
585916 14851.0
585916 14660.0
585916 14780.0
585916 16850.0
585916 16950.0
585916 15191.0
585916 14879.0
585912 15143.0
585884 15537.0
585884 14969.0
585857 15475.0
585839 14952.0
585839 14716.0
585839 14970.0
585839 14869.0
585826 14871.0
585826 14761.0
585790 14867.0
585786 15095.0
585771 14876.0
585752 14842.0
585733 14641.0
585723 14969.0
585723 14789.0
585723 14464.0
585717 15042.0
585717 16741.0
585717 23107.0
585686 16482.0
585667 16946.0
585667 16649.0
585655 16709.0
585655 17207.0
585655 17164.0
585617 16811.0
585608 16558.0
585608 19069.0
585598 34871.0
585566 28670.0
585566 23500.0
585566 25600.0
585552 25073.0
585552 23406.0
585552 22876.0
585552 22762.0
585552 23833.0
585552 22296.0
585538 24824.0
585515 35614.0
585515 31666.0
585515 33293.0
585509 22293.0
585509 20439.0
585501 19456.0
585497 15302.0
585497 15876.0
585497 17680.0
585497 14933.0
585497 16585.0
585448 15619.0
585436 15274.0
585436 14942.0
585435 15241.0
585435 15132.0
585396 15432.0
585393 16501.0
585381 16396.0
585338 16472.0
585338 16489.0
585277 16685.0
585277 15655.0
585277 14830.0
585253 15895.0
585245 15380.0
585245 15813.0
585213 15605.0
585185 15064.0
585183 15252.0
585183 15331.0
585157 15653.0
585157 15781.0
585157 15307.0
585157 15623.0
585126 15394.0
585126 15592.0
585126 16828.0
585123 14886.0
585123 15233.0
585048 15541.0
584994 15706.0
584975 15922.0
584973 15091.0
584973 15712.0
584958 15825.0
584958 15734.0
584946 15175.0
584946 14814.0
584946 15193.0
584932 15113.0
584932 15213.0
584932 15267.0
584877 15165.0
584877 15339.0
584850 15233.0
584850 14958.0
584825 15377.0
584825 15450.0
584807 15052.0
584788 15790.0
584788 16682.0
584781 16409.0
584771 16086.0
584720 15774.0
584720 15588.0
584720 15334.0
584714 15735.0
584698 14867.0
584695 15385.0
584695 15653.0
584654 15576.0
584603 16007.0
584587 15341.0
584587 15590.0
584587 15257.0
584515 15543.0
584515 16096.0
584515 15211.0
584496 15498.0
584496 15743.0
584448 19161.0
584429 17671.0
584390 16520.0
584342 16085.0
584342 15557.0
584342 15991.0
584342 14934.0
584335 17161.0
584301 22056.0
584296 19407.0
584266 22433.0
584218 20227.0
584193 18946.0
584140 14242.0
584110 14698.0
584110 14718.0
584110 14688.0
584084 14438.0
584084 14306.0
584051 14649.0
584001 15223.0
584001 14692.0
583983 14492.0
583983 14546.0
583983 14564.0
583983 14798.0
583983 14450.0
583943 14401.0
583943 14571.0
583928 14915.0
583928 14881.0
583928 14544.0
583925 14333.0
583925 14770.0
583914 14651.0
583914 14770.0
583903 15006.0
583903 14166.0
583887 14661.0
583887 14801.0
583859 14711.0
583837 14957.0
583831 14645.0
583821 16380.0
583821 16526.0
583818 18544.0
583808 15258.0
583808 15861.0
583808 15453.0
583808 15479.0
583808 15480.0
583807 16066.0
583803 16966.0
583796 15826.0
583796 15167.0
583771 15039.0
583771 14792.0
583770 15113.0
583770 15348.0
583741 15411.0
583741 15300.0
583741 15886.0
583740 14837.0
583716 15044.0
583712 15620.0
583712 17707.0
583696 26821.0
583694 18467.0
583694 20762.0
583694 20901.0
583677 14689.0
583677 15188.0
583667 14800.0
583587 15006.0
583587 18965.0
583587 19719.0
583587 17618.0
583577 14534.0
583552 14991.0
583552 14611.0
583552 14735.0
583530 14843.0
583530 14135.0
583530 14635.0
583522 14986.0
583522 14541.0
583502 14871.0
583455 14213.0
583447 14810.0
583437 14943.0
583437 15184.0
583437 14827.0
583437 14354.0
583437 18187.0
583437 16064.0
583409 16925.0
583340 21428.0
583330 17772.0
583327 18983.0
583327 15889.0
583294 31980.0
583217 19480.0
583217 16496.0
583192 15297.0
583192 15152.0
583175 18313.0
583175 15915.0
583115 15156.0
583092 14500.0
583092 16735.0
583092 15118.0
583050 15082.0
583000 17462.0
583000 15058.0
583000 15831.0
583000 14687.0
583000 16890.0
582976 14871.0
582967 16486.0
582945 17459.0
582945 18146.0
582945 17692.0
