First MST298644 44540.0
298624 3666.0
298605 3976.0
298576 4137.0
298576 4257.0
298556 3693.0
298498 3367.0
298498 3242.0
298498 3256.0
298485 3344.0
298462 4710.0
298448 4929.0
298448 4237.0
298445 4860.0
298442 8197.0
298436 7331.0
298436 4262.0
298428 4072.0
298428 4105.0
298420 4212.0
298420 3994.0
298399 3956.0
298399 4302.0
298395 4423.0
298395 4061.0
298373 4013.0
298368 4085.0
298368 4289.0
298359 3872.0
298350 4018.0
298350 3722.0
298350 3529.0
298339 3339.0
298333 3339.0
298333 3453.0
298298 3530.0
298281 3320.0
298265 3355.0
298246 3391.0
298229 3612.0
298208 3358.0
298189 3320.0
298174 3409.0
298166 3634.0
298166 3326.0
298165 3364.0
298165 3383.0
298162 3844.0
298154 3457.0
298154 3345.0
298134 3435.0
298096 3480.0
298096 3304.0
298085 3459.0
298021 3413.0
297978 3487.0
297978 3275.0
297977 3345.0
297977 3477.0
297977 3456.0
297925 3310.0
297919 3377.0
297919 3454.0
297912 3577.0
297912 3421.0
297912 3334.0
297912 3388.0
297912 3466.0
297885 3392.0
297885 3460.0
297885 3413.0
297885 3444.0
297848 3504.0
297848 3385.0
297845 3415.0
297845 3489.0
297806 3459.0
297754 3305.0
297754 3372.0
297754 3423.0
297700 3545.0
297700 3314.0
297691 3348.0
297637 3452.0
297614 3505.0
297603 3359.0
297594 3414.0
297593 3436.0
297593 3548.0
297584 3493.0
297580 3445.0
297580 3375.0
297580 3571.0
297580 3487.0
297567 3318.0
297567 3342.0
297567 3385.0
297566 3468.0
297566 3356.0
297488 3419.0
297488 3426.0
297465 3447.0
297446 3405.0
297441 3345.0
297441 3398.0
297436 3482.0
297435 3586.0
297390 3304.0
297390 3353.0
297363 3463.0
297335 3925.0
297319 3343.0
297312 3610.0
297234 3375.0
297229 3404.0
297164 3297.0
297164 3246.0
297144 3328.0
297137 3370.0
297137 3489.0
297131 3185.0
297131 3297.0
297131 3293.0
297129 3355.0
297117 3274.0
297117 3255.0
297115 3425.0
297115 4115.0
297115 4014.0
297115 3311.0
297042 3371.0
297024 3453.0
297024 3493.0
297024 3300.0
297024 3389.0
296995 3432.0
296995 3461.0
296991 3297.0
296991 3299.0
296948 3348.0
296948 3477.0
296948 3398.0
296917 4382.0
296915 4013.0
296915 4053.0
296885 3443.0
296885 3232.0
296885 3334.0
296872 3357.0
296872 5368.0
296806 4356.0
296749 3363.0
296749 3368.0
296727 3545.0
296710 3867.0
296710 4325.0
296710 4679.0
296627 4734.0
296622 4725.0
296622 4495.0
296610 4503.0
296555 4604.0
296555 4313.0
296553 4372.0
296538 4385.0
296518 5179.0
296506 4935.0
296470 4355.0
296458 4376.0
296452 4646.0
296414 4638.0
296414 4153.0
296414 3428.0
296414 3296.0
296393 3747.0
296393 3221.0
296393 3328.0
296393 3337.0
296392 3403.0
296389 3216.0
296382 3203.0
296382 3284.0
296377 3344.0
296377 3305.0
296353 3142.0
296353 3252.0
296353 3315.0
296353 3222.0
296353 3212.0
296315 3244.0
296308 3370.0
296308 3265.0
296295 3283.0
296282 3262.0
296282 3482.0
296282 3313.0
296272 3186.0
296272 3273.0
296264 3315.0
296245 3298.0
296245 3289.0
296245 3361.0
296238 3281.0
296226 3392.0
296226 3205.0
296142 3246.0
296142 3360.0
296103 3452.0
296073 3202.0
296073 3284.0
296073 3366.0
296073 3316.0
296062 3251.0
296062 3194.0
296031 3244.0
296019 3315.0
295998 3194.0
295998 3204.0
295942 3263.0
295942 3357.0
295937 3383.0
295925 3243.0
295873 3270.0
295873 3295.0
295786 3380.0
295786 3179.0
295786 3196.0
295781 3295.0
295730 3394.0
295730 3305.0
295730 3258.0
295730 3315.0
295730 3324.0
295719 3167.0
295706 3241.0
295706 3311.0
295700 3358.0
295700 3186.0
295700 3256.0
295700 3362.0
295700 3364.0
295681 3226.0
295675 3194.0
295675 3234.0
295664 3342.0
295635 3339.0
295635 3210.0
295626 3239.0
295610 3320.0
295586 3519.0
295581 3190.0
295557 3283.0
295546 3235.0
295546 3327.0
295546 3289.0
295527 3226.0
295522 3279.0
295492 3364.0
295489 3300.0
295477 3329.0
295447 3372.0
295406 3287.0
295406 3361.0
295395 3272.0
295388 3216.0
295377 3237.0
295357 3334.0
295338 3242.0
295301 3220.0
295292 3284.0
295292 3345.0
295292 3276.0
295292 3203.0
295222 3257.0
295222 3316.0
295222 3216.0
295136 3194.0
295101 3218.0
295101 3291.0
295084 3286.0
295084 3204.0
295084 3394.0
295064 3353.0
295064 3378.0
295064 3208.0
295064 3232.0
295021 3275.0
294994 3359.0
294978 3289.0
294967 3208.0
294929 3346.0
294920 3460.0
294920 3188.0
294920 3185.0
294904 3346.0
294904 3365.0
294904 3273.0
294904 3217.0
294884 3292.0
294884 3319.0
294884 3268.0
294875 3177.0
294875 3325.0
294864 3351.0
294864 3371.0
294864 3225.0
294846 3182.0
294778 3343.0
294778 3400.0
294778 3171.0
294727 3245.0
294683 3280.0
294667 3360.0
294630 3211.0
294590 3311.0
294590 3282.0
294554 3365.0
294532 3205.0
294511 3221.0
294511 3276.0
294511 3302.0
294511 3326.0
294500 3342.0
294489 3301.0
294489 3283.0
294489 3524.0
294479 3170.0
294474 3203.0
294456 3322.0
294456 3344.0
294423 3252.0
294418 3197.0
294397 3282.0
294397 3334.0
294397 3269.0
294397 3200.0
294397 3334.0
294397 3324.0
294372 3245.0
294357 3210.0
294357 3251.0
294347 3344.0
294347 3349.0
294347 3183.0
294306 3203.0
294290 3343.0
294281 3381.0
294268 3190.0
294268 3296.0
294268 3273.0
294230 3289.0
294230 3204.0
294219 3259.0
294166 3343.0
294155 3375.0
294145 3289.0
294111 3203.0
294111 3276.0
294042 3311.0
294042 3380.0
294042 3220.0
294042 3422.0
294033 3319.0
294033 3467.0
293949 3233.0
293899 3225.0
293899 3404.0
293899 3534.0
293852 4153.0
293837 3295.0
293837 3393.0
293837 3482.0
293793 3202.0
293793 3209.0
293793 3446.0
293793 3318.0
293793 4207.0
293788 3870.0
293788 3493.0
293788 3991.0
293788 4425.0
293750 3531.0
293702 3930.0
293661 3519.0
293657 3440.0
293598 3223.0
293593 3510.0
293559 3905.0
293539 3689.0
293539 3283.0
293539 3252.0
293502 3327.0
293478 3351.0
293478 3495.0
293478 4220.0
293478 3827.0
293474 3426.0
293464 3409.0
293458 3912.0
293440 4407.0
293440 3973.0
293434 4094.0
293423 3977.0
293423 3817.0
293423 3928.0
293409 4184.0
293409 4017.0
293409 4234.0
293409 3427.0
293390 3304.0
293390 3370.0
293383 3512.0
293341 4563.0
293341 3977.0
293338 3647.0
293325 3706.0
293319 3545.0
293304 3526.0
293289 3592.0
293285 3671.0
293278 3805.0
293278 3509.0
293278 3586.0
293270 3657.0
293257 3798.0
293237 3527.0
293237 3543.0
293210 3640.0
293195 3733.0
293195 3577.0
293195 3561.0
293189 3625.0
293189 5057.0
293189 3883.0
293189 3612.0
293112 3621.0
293085 4807.0
293085 4474.0
293075 4009.0
293045 4100.0
293045 3935.0
292994 4279.0
292992 4065.0
292992 3963.0
292942 3811.0
292942 4151.0
292942 3786.0
292930 3331.0
292930 3399.0
292900 3975.0
292827 3687.0
292827 3925.0
292827 6728.0
292796 4405.0
292709 3987.0
292709 4666.0
292709 3251.0
292699 3343.0
292678 4128.0
292673 4733.0
292627 3426.0
292619 3231.0
292617 3285.0
292617 3318.0
292607 3697.0
292607 3523.0
292549 3491.0
292522 3306.0
292522 3653.0
292462 3439.0
292419 3232.0
292419 5589.0
292412 4382.0
292412 3685.0
292408 3656.0
292408 4430.0
292387 4717.0
292387 5453.0
292363 4105.0
292363 3614.0
292363 5555.0
292331 4914.0
292331 3592.0
292331 3380.0
292311 3460.0
292305 3389.0
292305 3519.0
292305 3222.0
292299 3310.0
292270 3371.0
292248 3391.0
292248 3214.0
292248 3231.0
292227 3241.0
292227 3327.0
292219 3338.0
292198 3248.0
292102 3271.0
292102 3351.0
292102 4505.0
292102 3395.0
292102 3367.0
292097 3409.0
292097 3521.0
292079 3495.0
292079 3326.0
292079 3388.0
292055 3473.0
292055 3542.0
292035 3369.0
292023 3351.0
292023 3411.0
292017 3586.0
292000 3538.0
292000 3292.0
292000 3318.0
292000 3409.0
292000 3434.0
292000 3421.0
291994 3779.0
291994 3465.0
291994 3459.0
291991 3589.0
291991 3380.0
291966 3306.0
291953 3392.0
291953 3654.0
291936 3397.0
291933 3296.0
291933 3414.0
291870 3443.0
291870 3545.0
291858 3317.0
291858 3363.0
291858 3388.0
291858 3433.0
291858 3540.0
291801 3292.0
291801 3416.0
291788 3493.0
291761 3522.0
291760 3460.0
291760 3357.0
291760 3386.0
291760 3496.0
291754 3357.0
291754 3381.0
291718 3397.0
291711 3462.0
291704 3542.0
291704 3337.0
291704 3372.0
291704 3409.0
291692 3491.0
291643 3484.0
291640 3306.0
291640 3673.0
291640 3334.0
291640 3433.0
291633 3412.0
291633 3500.0
291607 3606.0
291589 3692.0
291589 3402.0
291589 3438.0
291589 3369.0
291588 3415.0
291565 3516.0
291514 3381.0
291512 3316.0
291494 3425.0
291482 3439.0
291476 3576.0
291476 3321.0
291459 3355.0
291459 3421.0
291459 3492.0
291445 3385.0
291445 3354.0
291445 3381.0
291445 3504.0
291429 3542.0
291429 3392.0
291429 3342.0
291429 3369.0
291429 3451.0
291429 3426.0
291429 3321.0
291429 3383.0
291429 3456.0
291427 3543.0
291411 3359.0
291411 3348.0
291392 3428.0
291337 3396.0
291333 3464.0
291321 3401.0
291320 3367.0
291320 3488.0
291313 3456.0
291313 3307.0
291313 3368.0
291305 3450.0
291244 3442.0
291244 3482.0
291237 3360.0
291227 3464.0
291227 3462.0
291184 3470.0
291158 3374.0
291142 3517.0
291142 3459.0
291142 3450.0
291132 3532.0
291132 3458.0
291132 3338.0
291123 3470.0
291063 3525.0
291040 3354.0
291040 3492.0
291040 3394.0
291040 3464.0
291022 3553.0
290992 3400.0
290992 3361.0
290992 3536.0
290992 3443.0
290989 3401.0
290974 3401.0
290974 3380.0
290962 3422.0
290950 3521.0
290950 3332.0
290948 3407.0
290948 3409.0
290948 3919.0
290948 3861.0
290948 4234.0
290948 3526.0
290948 3638.0
290907 3330.0
290894 3307.0
290894 3345.0
290891 3369.0
290840 3452.0
290840 3285.0
290838 3531.0
290838 3471.0
290838 3445.0
290805 3492.0
290780 3307.0
290780 3377.0
290780 3447.0
290780 3531.0
290780 3451.0
290780 3307.0
290766 3389.0
290762 3471.0
290710 3408.0
290701 3402.0
290701 3439.0
290698 3454.0
290651 3598.0
290651 3989.0
290643 3540.0
290643 3836.0
290643 3822.0
290624 3762.0
290624 4286.0
290624 3578.0
290571 3322.0
290558 3340.0
290558 3248.0
290558 3354.0
290558 3772.0
290558 5396.0
290497 4292.0
290485 4038.0
290473 6929.0
290467 4702.0
290467 5674.0
290442 5310.0
290439 5743.0
290431 7584.0
290424 7739.0
290424 6746.0
290401 6360.0
290393 6296.0
290390 6720.0
290349 7468.0
290316 8288.0
290316 6843.0
290316 6460.0
290240 4719.0
290237 5500.0
290176 5037.0
290162 4492.0
290152 6506.0
290147 4960.0
290120 4764.0
290120 4319.0
290111 4304.0
290079 4459.0
290079 4514.0
290066 4321.0
290055 4298.0
290055 4284.0
290055 4381.0
290055 4541.0
290055 4249.0
290055 4321.0
290055 4377.0
290035 4621.0
289989 4465.0
289989 4731.0
289989 5605.0
289989 5621.0
289988 9163.0
289988 4650.0
289967 4364.0
289945 4442.0
289935 4573.0
289906 4662.0
289859 4376.0
289859 4354.0
289853 4439.0
289853 4754.0
289853 4411.0
289834 4362.0
289834 5149.0
289834 5491.0
289808 4817.0
289801 4321.0
289788 4510.0
289788 4773.0
289777 4637.0
289755 4403.0
289755 4244.0
289742 4576.0
289742 4630.0
289742 7260.0
289692 6107.0
289692 4796.0
289685 4925.0
289685 4646.0
289685 4208.0
289685 4261.0
289685 4230.0
289685 4357.0
289685 4205.0
289666 4209.0
289647 4603.0
289647 4399.0
289647 4374.0
289647 4261.0
289647 4352.0
289647 5029.0
289647 4488.0
289623 4411.0
289622 4366.0
289622 5445.0
289618 4376.0
289618 4311.0
289606 4157.0
289606 4842.0
289606 9921.0
289598 4446.0
289561 4204.0
289493 4073.0
289484 4474.0
289484 4695.0
289477 4398.0
289461 4603.0
289461 5539.0
289461 4827.0
289461 6027.0
289461 4414.0
289461 4324.0
289461 4821.0
289458 4744.0
289458 4435.0
289433 4206.0
289433 4667.0
289433 4517.0
289433 4316.0
289411 4256.0
289411 4628.0
289406 4773.0
289361 4499.0
289361 4180.0
289361 4418.0
289328 4505.0
289328 4411.0
289328 4360.0
289328 4333.0
289301 4568.0
289301 4566.0
289301 4649.0
289273 4241.0
289273 4427.0
289273 4320.0
289273 4700.0
289273 4250.0
289261 5376.0
289261 4586.0
289261 4585.0
289250 4369.0
289250 4160.0
289250 4620.0
289228 4451.0
289228 4531.0
289186 4457.0
289186 4199.0
289186 4498.0
289177 6727.0
289113 5372.0
289070 5600.0
289046 5887.0
289046 4778.0
289045 4620.0
289045 4504.0
289040 4404.0
289009 4600.0
289000 4583.0
289000 5395.0
288965 5008.0
288961 4872.0
288953 4740.0
288953 4207.0
288953 5328.0
288946 6976.0
288946 5051.0
288946 4441.0
288940 5151.0
288940 4322.0
288928 4560.0
288922 4950.0
288922 4945.0
288895 5075.0
288883 4177.0
288879 5400.0
288879 4336.0
288879 4640.0
288843 5242.0
288773 5769.0
288773 5096.0
288773 6082.0
288773 7346.0
288773 5110.0
288734 5115.0
288728 5271.0
288728 4778.0
288728 5237.0
288679 6464.0
288679 5899.0
288643 7319.0
288643 6003.0
288643 5583.0
288595 4453.0
288552 4372.0
288522 4489.0
288513 4601.0
288510 4435.0
288510 4347.0
288510 4382.0
288508 4496.0
288496 4576.0
288492 4270.0
288492 4411.0
288479 4492.0
288479 4578.0
288479 4398.0
288479 4380.0
288479 4487.0
288438 4527.0
288438 4753.0
288438 4220.0
288437 4501.0
288437 4596.0
288388 4564.0
288382 4553.0
288371 4148.0
288343 4652.0
288343 5097.0
288343 4544.0
288343 4244.0
288343 4449.0
288311 4603.0
288305 4536.0
288305 4225.0
288270 4306.0
288235 4620.0
288228 4537.0
288228 4341.0
288223 4256.0
288223 4355.0
288205 4881.0
288202 4723.0
288193 5780.0
288114 8645.0
288114 5019.0
288111 5173.0
288111 4762.0
288106 4360.0
288106 4247.0
288106 4547.0
288102 4841.0
288102 5288.0
288081 5391.0
288081 5251.0
288081 5711.0
288067 4817.0
288067 4405.0
288067 4619.0
288062 4639.0
288055 5198.0
288053 4480.0
288009 5157.0
288009 5432.0
288006 4743.0
288006 5080.0
288006 4598.0
287976 4465.0
287976 4617.0
287976 5458.0
287976 4860.0
287976 4661.0
287952 4447.0
287921 4501.0
287921 4430.0
287841 4641.0
287828 4270.0
287823 4523.0
287823 4577.0
287794 3780.0
287794 4679.0
287794 4018.0
287794 4791.0
287757 4006.0
287757 3711.0
287757 3928.0
287757 3469.0
287675 4200.0
287633 3584.0
287613 3604.0
287570 3741.0
287569 3430.0
287569 3406.0
287569 3490.0
287569 3260.0
287569 3238.0
287569 3531.0
287549 3694.0
287549 4130.0
287549 4313.0
287549 3302.0
287528 3317.0
287475 3401.0
287462 3354.0
287462 3247.0
287444 3335.0
287435 3354.0
287378 3456.0
287378 3319.0
287378 3268.0
287346 3365.0
287310 3493.0
287237 3423.0
287213 3294.0
287176 3352.0
287176 3311.0
287173 3371.0
287173 3377.0
287173 3300.0
287101 3269.0
287076 3322.0
287066 3371.0
287062 3291.0
287061 3249.0
287061 3315.0
287048 3366.0
287048 3511.0
287024 3402.0
287024 3330.0
286978 3368.0
286972 3383.0
286949 3463.0
286906 3233.0
286906 3264.0
286906 3285.0
286898 3357.0
286898 3424.0
286898 3251.0
286898 3322.0
286898 3327.0
286894 3447.0
286878 3408.0
286878 3297.0
286871 3328.0
286871 3345.0
286871 3380.0
