First MST595477 230654.0
595378 12470.0
595378 10984.0
595376 11284.0
595376 14558.0
595374 13670.0
595372 12857.0
595330 13899.0
595330 11921.0
595298 13117.0
595292 13431.0
595289 12324.0
595282 11886.0
595282 13358.0
595279 14421.0
595276 11335.0
595276 11274.0
595276 11459.0
595273 13316.0
595257 11410.0
595257 13713.0
595210 12555.0
595210 13410.0
595183 13093.0
595183 13635.0
595137 14114.0
595131 12529.0
595131 13748.0
595113 12808.0
595113 12383.0
595113 13137.0
595112 12629.0
595109 14635.0
595106 16523.0
595106 13437.0
595082 13943.0
595063 13653.0
595056 12995.0
595056 12457.0
595031 12662.0
594988 15358.0
594955 13825.0
594955 13990.0
594882 13426.0
594882 13262.0
594856 15560.0
594847 12765.0
594842 12082.0
594753 13111.0
594753 12006.0
594736 11712.0
594672 12997.0
594672 12822.0
594660 12558.0
594620 14325.0
594619 13246.0
594614 13900.0
594594 13257.0
594570 13128.0
594570 12614.0
594568 13664.0
594543 13997.0
594543 13481.0
594533 14091.0
594533 13640.0
594455 12954.0
594454 13386.0
594454 14474.0
594454 12513.0
594454 14515.0
594454 12910.0
594454 13928.0
594453 12068.0
594453 12080.0
594447 13638.0
594447 13793.0
594385 15085.0
594385 12555.0
594385 11836.0
594385 12987.0
594324 13799.0
594324 15252.0
594297 13674.0
594297 13861.0
594297 13739.0
594247 13454.0
594219 13910.0
594219 11664.0
594219 13221.0
594178 13019.0
594153 11755.0
594153 12621.0
594153 11947.0
594153 11359.0
594132 12689.0
594097 13575.0
594097 11618.0
594069 13149.0
594068 12964.0
594033 13800.0
594033 11444.0
594019 11519.0
593954 11542.0
593947 11582.0
593947 11753.0
593937 11139.0
593935 11598.0
593925 11359.0
593925 11310.0
593925 12276.0
593911 11698.0
593872 11390.0
593872 12432.0
593847 12748.0
593828 12817.0
593828 13195.0
593816 11555.0
593814 11439.0
593785 11657.0
593785 12969.0
593785 13613.0
593785 14188.0
593785 11801.0
593770 11464.0
593759 11678.0
593759 11646.0
593716 11693.0
593716 11776.0
593709 11738.0
593697 11380.0
593654 12168.0
593606 16628.0
593566 16683.0
593554 14681.0
593554 12331.0
593497 11930.0
593497 11693.0
593486 11792.0
593486 12489.0
593460 13387.0
593446 11826.0
593446 11571.0
593446 11834.0
593413 11941.0
593413 11489.0
593407 11749.0
593407 12309.0
593407 11986.0
593394 11415.0
593393 11691.0
593393 11841.0
593340 11519.0
593305 11496.0
593289 11819.0
593289 11634.0
593289 11923.0
593289 11593.0
593261 12900.0
593224 12803.0
593178 12907.0
593161 14422.0
593134 12911.0
593134 12651.0
593134 12026.0
593134 13533.0
593134 12640.0
593094 13053.0
593048 14267.0
593037 13532.0
593026 12066.0
593026 12047.0
593015 12765.0
593009 12399.0
593000 15852.0
592972 22899.0
592972 22780.0
592972 24960.0
592927 15836.0
592914 16392.0
592912 15634.0
592898 16236.0
592898 13903.0
592898 14562.0
592898 14063.0
592885 14346.0
592885 13994.0
592885 11801.0
592885 11976.0
592877 13292.0
592869 13292.0
592852 11928.0
592843 11773.0
592833 12044.0
592775 11806.0
592775 11321.0
592775 11201.0
592757 11488.0
592711 11611.0
592674 11326.0
592647 11371.0
592647 11637.0
592647 11557.0
592621 11361.0
592599 11496.0
592599 11430.0
592561 11250.0
592552 11482.0
592552 11669.0
592507 11767.0
592507 11197.0
592507 11791.0
592504 11676.0
592504 11675.0
592504 11896.0
592459 11500.0
592459 11528.0
592428 11730.0
592422 11651.0
592405 11459.0
592405 11403.0
592396 11162.0
592361 11506.0
592340 11676.0
592289 11618.0
592235 11634.0
592235 11363.0
592235 11614.0
592235 11538.0
592223 12319.0
592223 13497.0
592223 13103.0
592223 13122.0
592223 12189.0
592189 14058.0
592142 14872.0
592142 14549.0
592077 13571.0
592077 12771.0
592077 11731.0
592048 14241.0
592048 13324.0
591987 13683.0
591959 12239.0
591959 14041.0
591959 13347.0
591907 12864.0
591859 11418.0
591848 12056.0
591831 11984.0
591815 11434.0
591815 11520.0
591795 11642.0
591753 11246.0
591753 11694.0
591749 11584.0
591693 11210.0
591693 11967.0
591669 11696.0
591647 11861.0
591647 11507.0
591636 11188.0
591625 11544.0
591625 11348.0
591625 11789.0
591609 11413.0
591596 11274.0
591596 11585.0
591567 11561.0
591560 11798.0
591560 11456.0
591560 11223.0
591560 11209.0
591551 11921.0
591496 11438.0
591496 11584.0
591477 11294.0
591459 11520.0
591434 11691.0
591434 11579.0
591415 11106.0
591415 11291.0
591415 11357.0
591415 11761.0
591415 11697.0
591415 11155.0
591415 11976.0
591366 11569.0
591358 11406.0
591358 11659.0
591343 12381.0
591288 12457.0
591212 11562.0
591212 11830.0
591212 11383.0
591211 11477.0
591211 11337.0
591211 11448.0
591211 11583.0
591191 11639.0
591191 11581.0
591189 11286.0
591185 11416.0
591185 11472.0
591178 11720.0
591178 11398.0
591178 11375.0
591178 11549.0
591176 11976.0
591176 11431.0
591176 11359.0
591176 11610.0
591148 11672.0
591148 11459.0
591080 11231.0
591070 11480.0
591070 11285.0
591052 11394.0
590990 11177.0
590904 11223.0
590904 11208.0
590904 11262.0
590893 11665.0
590875 11845.0
590822 11487.0
590812 11575.0
590812 11376.0
590812 11701.0
590799 11252.0
590799 11585.0
590799 11451.0
590748 11571.0
590748 11640.0
590689 11605.0
590689 11613.0
590680 11591.0
590655 11541.0
590655 11436.0
590655 11378.0
590635 11702.0
590635 11451.0
590607 11471.0
590607 11429.0
590607 11451.0
590607 12189.0
590601 13052.0
590601 12688.0
590585 11465.0
590581 11920.0
590581 11785.0
590580 11727.0
590580 11915.0
590533 11683.0
590501 11715.0
590491 11361.0
590478 11580.0
590473 11577.0
590473 11671.0
590473 11588.0
590435 11599.0
590423 11464.0
590423 11207.0
590423 11319.0
590415 11597.0
590415 12236.0
590369 11488.0
590352 11474.0
590352 11710.0
590352 11915.0
590320 11739.0
590298 11371.0
590288 13554.0
590232 13210.0
590191 12047.0
590191 12968.0
590191 13416.0
590191 12369.0
590191 11593.0
590191 11863.0
590191 11989.0
590191 12949.0
590191 11849.0
590191 11592.0
590172 11891.0
590172 20122.0
590156 16887.0
590074 14597.0
590061 16414.0
590050 16788.0
590035 14229.0
590021 12758.0
590021 13003.0
590021 12049.0
590016 12877.0
590016 13258.0
590016 12649.0
590016 12027.0
590006 12316.0
589983 12710.0
589983 12657.0
589983 12310.0
589983 13022.0
589954 12221.0
589923 12912.0
589867 13010.0
589867 12972.0
589833 13771.0
589830 13224.0
589808 12237.0
589808 11868.0
589807 11944.0
589807 14128.0
589758 13968.0
589734 12258.0
589734 11695.0
589646 13549.0
589634 11886.0
589630 12051.0
589596 11640.0
589590 12827.0
589590 12513.0
589590 13063.0
589590 12562.0
589590 12230.0
589590 12062.0
589585 11860.0
589585 12003.0
589567 12211.0
589567 18664.0
589561 15669.0
589561 15593.0
589561 17743.0
589561 13786.0
589561 15672.0
589519 12103.0
589519 12564.0
589502 12340.0
589469 12522.0
589469 12331.0
589446 14339.0
589378 11462.0
589378 12442.0
589330 12265.0
589330 13139.0
589330 14241.0
589307 12710.0
589307 12955.0
589307 12404.0
589239 12610.0
589239 12429.0
589236 12278.0
589223 12501.0
589223 15376.0
589223 13465.0
589157 12405.0
589148 11871.0
589127 12167.0
589127 11883.0
589127 11772.0
589089 12098.0
589088 11784.0
589080 11711.0
589067 11981.0
589061 11758.0
589061 11922.0
589044 12173.0
589044 12193.0
589037 14461.0
589023 13253.0
589008 11974.0
588969 11745.0
588963 11885.0
588963 11957.0
588960 11873.0
588960 12410.0
588952 11845.0
588952 12039.0
588933 11978.0
588933 11576.0
588866 11898.0
588866 11874.0
588858 11892.0
588822 11804.0
588813 12005.0
588813 12555.0
588781 13110.0
588700 12212.0
588700 11901.0
588656 12003.0
588651 15022.0
588640 16438.0
588638 15775.0
588638 13346.0
588607 13427.0
588607 12425.0
588607 12489.0
588575 12652.0
588575 12784.0
588519 12378.0
588519 12759.0
588519 11916.0
588519 12963.0
588519 12453.0
588519 11990.0
588519 12221.0
588506 12246.0
588506 13093.0
588506 12333.0
588497 12627.0
588497 12129.0
588463 12010.0
588463 12039.0
588463 12812.0
588463 12759.0
588460 12009.0
588460 13025.0
588460 12534.0
588434 11762.0
588434 11389.0
588434 13474.0
588426 13879.0
588422 12564.0
588421 13344.0
588412 13015.0
588412 13021.0
588378 12675.0
588378 12525.0
588378 12502.0
588378 12014.0
588365 12436.0
588348 12801.0
588324 12799.0
588324 12185.0
588318 11909.0
588318 11641.0
588318 12374.0
588287 13899.0
588287 16842.0
588252 16272.0
588252 11792.0
588217 11801.0
588199 12313.0
588156 13100.0
588156 11858.0
588154 13390.0
588154 12826.0
588154 12758.0
588154 13557.0
588152 13084.0
588114 14811.0
588094 13806.0
588078 13206.0
588078 12867.0
588078 12780.0
588024 12491.0
588013 12424.0
588002 12775.0
588002 12615.0
588002 13078.0
588002 13040.0
588002 19236.0
588002 17427.0
588002 17893.0
587991 12924.0
587991 12554.0
587962 12549.0
587946 12909.0
587946 12585.0
587939 12555.0
587939 12974.0
587921 12713.0
587907 12617.0
587907 12649.0
587900 12367.0
587891 12558.0
587867 12100.0
587867 12962.0
587867 12627.0
587840 12914.0
587840 12758.0
587840 12794.0
587840 12243.0
587831 14811.0
587831 12774.0
587831 12743.0
587831 12862.0
587831 12761.0
587831 12352.0
587830 12412.0
587830 17018.0
587830 14332.0
587807 12064.0
587794 12677.0
587794 11840.0
587788 11905.0
587764 11737.0
587744 11655.0
587774 11547.0
587761 12044.0
587761 12012.0
587761 15877.0
587761 12746.0
587761 12759.0
587761 12075.0
587718 12238.0
587718 17282.0
587711 16552.0
587711 17617.0
587711 12274.0
587708 12480.0
587708 13385.0
587701 11975.0
587701 12028.0
587701 11927.0
587701 12763.0
587701 12289.0
587696 11952.0
587668 11951.0
587650 12068.0
587644 11913.0
587639 11955.0
587630 11840.0
587630 12083.0
587622 12085.0
587607 12000.0
587570 11830.0
587570 11855.0
587565 12050.0
587505 11706.0
587494 12222.0
587487 12000.0
587464 11930.0
587453 11686.0
587453 13823.0
587416 15828.0
587416 15343.0
587416 15859.0
587416 12280.0
587416 13867.0
587416 12926.0
587416 12053.0
587416 12321.0
587404 12342.0
587404 14983.0
587404 14056.0
587394 14167.0
587377 12475.0
587377 12818.0
587377 12625.0
587377 12150.0
587349 12372.0
587307 12476.0
587307 12960.0
587300 12849.0
587300 12902.0
587285 12556.0
587285 12869.0
587267 12342.0
587212 12782.0
587162 12754.0
587143 12540.0
587143 12736.0
587132 12520.0
587094 12800.0
587043 13362.0
587009 13449.0
587009 12521.0
587003 12454.0
586989 12669.0
586937 13128.0
586937 11686.0
586895 12006.0
586868 11877.0
586868 11923.0
586868 14209.0
586839 12685.0
586839 12373.0
586802 13474.0
586789 14117.0
586781 13205.0
586758 14362.0
586758 13003.0
586757 14477.0
586757 13025.0
586749 13072.0
586712 12849.0
586712 12310.0
586700 14555.0
586678 16225.0
586678 12899.0
586672 12268.0
586672 16133.0
586621 15030.0
586621 12966.0
586612 15354.0
586603 14035.0
586569 12914.0
586567 12586.0
586555 13429.0
586481 13957.0
586422 11928.0
586415 11728.0
586415 11662.0
586373 12081.0
586373 12002.0
586349 12053.0
586349 11967.0
586349 12019.0
586349 11524.0
586347 12047.0
586347 11833.0
586323 11376.0
586299 12218.0
586299 15184.0
586299 14251.0
586299 12061.0
586299 11600.0
586299 12674.0
586299 20254.0
586270 26701.0
586264 14158.0
586245 13570.0
586245 13523.0
586245 14223.0
586231 14116.0
586231 14004.0
586223 13788.0
586223 14019.0
586223 13756.0
586221 14243.0
586196 13847.0
586183 15952.0
586169 15601.0
586167 14543.0
586167 15416.0
586167 13860.0
586138 13043.0
586134 12527.0
586127 12134.0
586115 12059.0
586115 12066.0
586115 11871.0
586115 12041.0
586104 14337.0
586068 13721.0
586068 16021.0
586046 14316.0
585976 13808.0
585937 13874.0
585937 14052.0
585937 13803.0
585916 13808.0
585916 14020.0
585916 13421.0
585916 13411.0
585916 14187.0
585916 14099.0
585916 14219.0
585912 13664.0
585884 13395.0
585884 13858.0
585857 13264.0
585839 14018.0
585839 13235.0
585839 13681.0
585839 20801.0
585826 14110.0
585826 13910.0
585790 13908.0
585786 13995.0
585771 13358.0
585752 13766.0
585733 13860.0
585723 14081.0
585723 13952.0
585723 13111.0
585717 14253.0
585717 13543.0
585717 14125.0
585686 13842.0
585667 13229.0
585667 13981.0
585655 14890.0
585655 14151.0
585655 13523.0
585617 14227.0
585608 13858.0
585608 13973.0
585598 14126.0
585566 13842.0
585566 13707.0
585566 13126.0
585552 13390.0
585552 13469.0
585552 13697.0
585552 13347.0
585552 13325.0
585552 13613.0
585538 14026.0
585515 13314.0
585515 16931.0
585515 18114.0
585509 14218.0
585509 15374.0
585501 17114.0
585497 13425.0
585497 14337.0
585497 13039.0
585497 13374.0
585497 12445.0
585448 12578.0
585436 12392.0
585436 12563.0
585435 13005.0
585435 17422.0
585396 19648.0
585393 22128.0
585381 19275.0
585338 14282.0
585338 14093.0
585277 13551.0
585277 13692.0
585277 14000.0
585253 13618.0
585245 13524.0
585245 13344.0
585213 14136.0
585185 13836.0
585183 13642.0
585183 13677.0
585157 13368.0
585157 13951.0
585157 13847.0
585157 13163.0
585126 13823.0
585126 13628.0
585126 13913.0
585123 13854.0
585123 14172.0
585048 14234.0
584994 13549.0
584975 13804.0
584973 13749.0
584973 13734.0
584958 14345.0
584958 13289.0
584946 14068.0
584946 13972.0
584946 14202.0
584932 13562.0
584932 13878.0
584932 13950.0
584877 14028.0
584877 14202.0
584850 12502.0
584850 12450.0
584825 12527.0
584825 12795.0
584807 12601.0
584788 12397.0
584788 12445.0
584781 13074.0
584771 13747.0
584720 14886.0
584720 14406.0
584720 13992.0
584714 13781.0
584698 14391.0
584695 18753.0
584695 14286.0
584654 13999.0
584603 14015.0
584587 13642.0
584587 14233.0
584587 13925.0
584515 13595.0
584515 13328.0
584515 13549.0
584496 13818.0
584496 13785.0
584448 13795.0
584429 13342.0
584390 13848.0
584342 13835.0
584342 13660.0
584342 13324.0
584342 13721.0
584335 13899.0
584301 14113.0
584296 13670.0
584266 13514.0
584218 14140.0
584193 13687.0
584140 14179.0
584110 14308.0
584110 25686.0
584110 14755.0
584084 13898.0
584084 14400.0
584051 13789.0
584001 13217.0
584001 13624.0
583983 16049.0
583983 16107.0
583983 16102.0
583983 14528.0
583983 13602.0
583943 13684.0
583943 13728.0
583928 13491.0
583928 13552.0
583928 13804.0
583925 14445.0
583925 13399.0
583914 14287.0
583914 13644.0
583903 13587.0
583903 13948.0
583887 14095.0
583887 13812.0
583859 13504.0
583837 13138.0
583831 13572.0
583821 14004.0
583821 13806.0
583818 13383.0
583808 13390.0
583808 13844.0
583808 13801.0
583808 13903.0
583808 13344.0
583807 13808.0
583803 14073.0
583796 14218.0
583796 13874.0
583771 13329.0
583771 13647.0
583770 13707.0
583770 13639.0
583741 13586.0
583741 13110.0
583741 13896.0
583740 13937.0
583716 14169.0
583712 13860.0
583712 13725.0
583696 13558.0
583694 14009.0
583694 13241.0
583694 13799.0
583677 13598.0
583677 14055.0
583667 13497.0
583587 14068.0
583587 13863.0
583587 13857.0
583587 13254.0
583577 13994.0
583552 14160.0
583552 13748.0
583552 13681.0
583530 13649.0
583530 13790.0
583530 13731.0
583522 13944.0
583522 13905.0
583502 14072.0
583455 19480.0
583447 12272.0
583437 11989.0
583437 11956.0
583437 12090.0
583437 11996.0
583437 12145.0
583437 12438.0
583409 12041.0
583340 11846.0
583330 12108.0
583327 12118.0
583327 12014.0
583294 11950.0
583217 12049.0
583217 11628.0
583192 11968.0
583192 12085.0
583175 11977.0
583175 11963.0
583115 12235.0
583092 12374.0
583092 13411.0
583092 21435.0
583050 16621.0
583000 15729.0
583000 12848.0
583000 11871.0
583000 11513.0
583000 11682.0
582976 12099.0
582967 11319.0
582945 11495.0
582945 11487.0
582945 11519.0
