First MST242314 148.0
241920 39.0
241770 18.0
241590 22.0
241578 13.0
241575 11.0
241503 10.0
241462 10.0
241425 12.0
241394 11.0
241382 11.0
241372 11.0
241372 10.0
241372 11.0
241372 10.0
241366 10.0
241366 13.0
241358 14.0
241358 14.0
241358 13.0
241358 13.0
241337 12.0
241337 13.0
241333 13.0
241333 13.0
241311 13.0
241311 24.0
241295 10.0
241286 12.0
241277 11.0
241277 10.0
241277 10.0
241276 10.0
241276 11.0
241276 11.0
241241 11.0
241213 12.0
241195 11.0
241176 10.0
241159 10.0
241144 10.0
241119 10.0
241125 11.0
241117 10.0
241103 10.0
241103 12.0
241103 11.0
241103 10.0
241073 10.0
241073 13.0
241053 11.0
240993 23.0
240993 10.0
240991 11.0
240927 12.0
240884 11.0
240884 11.0
240883 10.0
240883 10.0
240883 11.0
240883 11.0
240877 10.0
240877 10.0
240877 10.0
240877 12.0
240877 10.0
240877 10.0
240877 10.0
240850 11.0
240850 11.0
240850 11.0
240850 11.0
240862 11.0
240862 11.0
240862 10.0
240862 10.0
240862 11.0
240810 11.0
240810 13.0
240810 13.0
240756 14.0
240756 13.0
240746 13.0
240692 13.0
240669 13.0
240654 13.0
240636 13.0
240630 13.0
240630 13.0
240631 13.0
240631 13.0
240631 13.0
240631 13.0
240631 14.0
240618 13.0
240610 13.0
240610 13.0
240610 13.0
240610 13.0
240514 13.0
240514 13.0
240467 23.0
240448 10.0
240443 10.0
240443 11.0
240452 10.0
240451 10.0
240493 10.0
240493 10.0
240493 13.0
240495 12.0
240479 10.0
240477 11.0
240399 10.0
240394 13.0
240329 13.0
240329 13.0
240309 12.0
240309 13.0
240309 11.0
240309 11.0
240309 10.0
240309 11.0
240309 10.0
240309 12.0
240309 11.0
240269 11.0
240269 10.0
240269 10.0
240269 10.0
240196 11.0
240208 10.0
240208 10.0
240208 10.0
240208 10.0
240179 10.0
240179 10.0
240175 10.0
240175 10.0
240132 10.0
240132 10.0
240132 10.0
240101 10.0
240099 10.0
240099 11.0
240069 11.0
240069 11.0
240069 10.0
240065 10.0
240065 10.0
239999 10.0
239942 17.0
239942 10.0
239920 10.0
239903 12.0
239887 11.0
239887 11.0
239804 10.0
239813 10.0
239813 10.0
239817 10.0
239742 10.0
239742 10.0
239742 10.0
239727 11.0
239707 10.0
239719 11.0
239637 10.0
239625 10.0
239619 10.0
239635 10.0
239635 10.0
239635 10.0
239635 11.0
239614 11.0
239614 11.0
239614 11.0
239614 10.0
239613 10.0
239610 10.0
239609 10.0
239609 10.0
239604 10.0
239604 11.0
239580 11.0
239580 11.0
239580 11.0
239580 10.0
239580 10.0
239547 10.0
239540 10.0
239540 10.0
239527 11.0
239514 11.0
239514 11.0
239514 11.0
239523 10.0
239523 10.0
239521 11.0
239502 10.0
239502 10.0
239502 11.0
239501 12.0
239503 13.0
239503 12.0
239395 12.0
239395 13.0
239356 13.0
239326 13.0
239326 13.0
239326 13.0
239326 13.0
239315 13.0
239315 13.0
239284 13.0
239274 13.0
239226 13.0
239226 14.0
239162 13.0
239162 13.0
239161 13.0
239149 13.0
239097 13.0
239097 13.0
239010 13.0
239010 14.0
239010 13.0
239010 13.0
238997 13.0
238997 13.0
238997 13.0
238997 13.0
238997 13.0
238986 14.0
238973 13.0
238973 13.0
238967 13.0
238967 13.0
238964 13.0
238964 12.0
238964 13.0
238945 13.0
238939 13.0
238939 13.0
238908 13.0
238910 13.0
238910 13.0
238910 13.0
238894 14.0
238878 13.0
238873 13.0
238849 19.0
238863 9.0
238863 10.0
238863 10.0
238844 10.0
238839 12.0
238814 11.0
238814 10.0
238809 11.0
238779 10.0
238800 10.0
238779 10.0
238768 10.0
238768 10.0
238770 10.0
238750 12.0
238750 10.0
238713 10.0
238638 10.0
238638 10.0
238638 10.0
238638 10.0
238568 10.0
238568 10.0
238568 11.0
238410 11.0
238413 10.0
238413 11.0
238396 10.0
238396 10.0
238396 10.0
238376 10.0
238376 10.0
238376 11.0
238376 11.0
238328 10.0
238330 10.0
238314 10.0
238303 10.0
238265 10.0
238260 10.0
238260 10.0
238260 10.0
238260 10.0
238260 10.0
238260 10.0
238260 10.0
238245 10.0
238245 10.0
238245 10.0
238236 10.0
238236 10.0
238225 10.0
238225 11.0
238225 10.0
238168 11.0
238053 11.0
238053 11.0
238053 10.0
238002 10.0
237942 10.0
237938 10.0
237901 11.0
237819 11.0
237819 11.0
237783 11.0
237761 10.0
237763 11.0
237763 10.0
237763 10.0
237763 10.0
237740 10.0
237740 11.0
237740 11.0
237740 10.0
237730 11.0
237725 11.0
237707 11.0
237707 10.0
237674 10.0
237674 11.0
237632 11.0
237632 11.0
237632 10.0
237632 10.0
237632 10.0
237632 10.0
237607 10.0
237607 10.0
237607 10.0
237607 10.0
237607 11.0
237607 11.0
237566 11.0
237566 10.0
237561 11.0
237551 10.0
237551 10.0
237551 10.0
237513 10.0
237513 16.0
237502 10.0
237449 10.0
237443 10.0
237430 10.0
237396 10.0
237396 10.0
237327 10.0
237327 10.0
237327 10.0
237327 13.0
237318 11.0
237318 10.0
237198 11.0
237104 11.0
237104 10.0
237104 10.0
237049 10.0
237034 10.0
237034 13.0
237034 11.0
237044 11.0
237044 11.0
237034 11.0
237034 10.0
237034 10.0
236988 10.0
236988 10.0
236988 11.0
236988 11.0
236950 10.0
236868 10.0
236827 10.0
236804 10.0
236722 10.0
236718 10.0
236676 10.0
236632 10.0
236632 11.0
236632 11.0
236595 10.0
236571 11.0
236563 12.0
236563 11.0
236563 10.0
236563 10.0
236561 10.0
236555 11.0
236537 10.0
236537 11.0
236531 10.0
236520 10.0
236520 10.0
236520 10.0
236506 10.0
236506 10.0
236506 10.0
236506 11.0
236502 10.0
236502 10.0
236502 10.0
236440 10.0
236440 10.0
236437 10.0
236414 10.0
236414 10.0
236402 10.0
236402 12.0
236398 11.0
236391 10.0
236391 11.0
236391 10.0
236391 10.0
236378 10.0
236358 10.0
236358 10.0
236358 11.0
236369 10.0
236369 10.0
236369 10.0
236369 10.0
236369 10.0
236369 10.0
236369 10.0
236271 10.0
236244 10.0
236244 11.0
236234 10.0
236234 11.0
236234 10.0
236183 11.0
236181 10.0
236181 10.0
236181 10.0
236181 10.0
236181 11.0
236153 10.0
236153 11.0
236123 10.0
236050 10.0
236050 10.0
236050 10.0
236019 12.0
235932 12.0
235932 12.0
235932 15.0
235922 16.0
235917 17.0
235912 17.0
235866 13.0
235866 14.0
235866 14.0
235866 14.0
235866 13.0
235866 14.0
235808 13.0
235789 12.0
235789 14.0
235680 14.0
235637 14.0
235637 14.0
235630 13.0
235630 14.0
235626 17.0
235626 14.0
235605 13.0
235605 13.0
235581 18.0
235581 10.0
235581 11.0
235536 11.0
235536 10.0
235536 11.0
235557 10.0
235557 12.0
235557 11.0
235557 11.0
235557 11.0
235528 11.0
235521 11.0
235514 11.0
235514 11.0
235509 11.0
235509 11.0
235501 11.0
235480 10.0
235384 11.0
235384 11.0
235384 10.0
235384 11.0
235384 10.0
235379 11.0
235379 11.0
235379 11.0
235379 11.0
235379 11.0
235355 11.0
235355 11.0
235355 10.0
235355 11.0
235355 11.0
235355 11.0
235355 11.0
235355 11.0
235355 10.0
235355 11.0
235355 11.0
235355 11.0
235349 11.0
235349 10.0
235349 11.0
235349 14.0
235349 12.0
235328 11.0
235328 11.0
235328 11.0
235328 11.0
235328 11.0
235328 11.0
235213 11.0
235213 11.0
235201 11.0
235201 11.0
235201 10.0
235201 11.0
235201 12.0
235201 13.0
235201 11.0
235206 10.0
235188 11.0
235188 11.0
235167 11.0
235167 11.0
235167 10.0
235167 11.0
235167 10.0
235121 11.0
235121 10.0
235121 11.0
235121 11.0
235121 11.0
235121 11.0
235109 11.0
235060 10.0
235057 11.0
235057 11.0
235057 10.0
235057 11.0
235050 11.0
235050 10.0
235024 10.0
234972 11.0
234972 10.0
234972 11.0
234967 11.0
234966 10.0
234917 13.0
234866 12.0
234866 11.0
234848 11.0
234848 11.0
234842 11.0
234842 16.0
234825 11.0
234813 12.0
234813 11.0
234799 11.0
234799 11.0
234799 10.0
234799 13.0
234799 11.0
234799 11.0
234799 11.0
234799 10.0
234799 11.0
234799 10.0
234799 10.0
234799 10.0
234799 10.0
234799 11.0
234794 10.0
234794 10.0
234800 10.0
234745 10.0
234731 10.0
234761 10.0
234761 10.0
234761 10.0
234779 10.0
234764 10.0
234764 10.0
234756 10.0
234695 11.0
234695 13.0
234670 14.0
234660 10.0
234660 13.0
234617 11.0
234591 11.0
234609 10.0
234605 10.0
234605 11.0
234605 11.0
234605 10.0
234605 10.0
234605 10.0
234586 10.0
234546 10.0
234546 10.0
234546 10.0
234542 13.0
234516 11.0
234486 10.0
234486 11.0
234486 10.0
234486 10.0
234506 10.0
234494 10.0
234494 10.0
234482 10.0
234472 11.0
234472 10.0
234470 11.0
234470 10.0
234470 11.0
234470 10.0
234470 10.0
234470 10.0
234470 10.0
234512 10.0
234512 12.0
234512 11.0
234509 10.0
234458 10.0
234458 10.0
234473 11.0
234473 10.0
234473 10.0
234440 10.0
234440 11.0
234440 11.0
234440 10.0
234440 11.0
234440 10.0
234440 11.0
234468 10.0
234468 10.0
234464 10.0
234455 10.0
234455 11.0
234455 11.0
234399 11.0
234399 10.0
234391 10.0
234391 11.0
234391 10.0
234408 10.0
234408 11.0
234408 11.0
234324 10.0
234311 10.0
234311 10.0
234311 10.0
234311 10.0
234311 10.0
234250 10.0
234245 10.0
234245 10.0
234245 11.0
234245 10.0
234220 11.0
234220 11.0
234227 10.0
234220 11.0
234220 10.0
234237 11.0
234237 11.0
234237 11.0
234196 10.0
234163 10.0
234163 10.0
234158 10.0
234082 10.0
234079 10.0
234018 10.0
234016 10.0
234003 10.0
234003 11.0
233952 10.0
233952 10.0
233949 10.0
233930 10.0
233930 10.0
233917 10.0
233906 10.0
233906 10.0
233906 11.0
233906 12.0
233906 10.0
233906 10.0
233906 10.0
233886 10.0
233840 10.0
233840 10.0
233840 10.0
233840 12.0
233839 11.0
233839 11.0
233785 11.0
233787 10.0
233777 11.0
233748 10.0
233740 10.0
233740 10.0
233714 10.0
233714 10.0
233714 11.0
233714 10.0
233714 10.0
233714 10.0
233688 10.0
233688 12.0
233688 10.0
233688 10.0
233711 10.0
233707 12.0
233707 11.0
233694 10.0
233694 11.0
233694 11.0
233694 11.0
233694 10.0
233694 11.0
233694 10.0
233694 11.0
233694 10.0
233694 10.0
233694 10.0
233694 10.0
233684 10.0
233665 10.0
233665 10.0
233665 10.0
233665 10.0
233665 11.0
233665 10.0
233665 11.0
233672 11.0
233671 11.0
233671 11.0
233671 10.0
233671 10.0
233659 10.0
233659 11.0
233659 11.0
233659 10.0
233579 10.0
233511 10.0
233502 10.0
233502 10.0
233502 10.0
233518 10.0
233518 10.0
233518 11.0
233518 10.0
233518 10.0
233518 11.0
233518 10.0
233526 10.0
233526 10.0
233501 10.0
233501 10.0
233501 11.0
233501 11.0
233536 10.0
233477 11.0
233472 10.0
233427 10.0
233427 10.0
233427 10.0
233427 10.0
233427 10.0
233427 12.0
233427 11.0
233400 11.0
233400 11.0
233400 10.0
233372 10.0
233372 10.0
233372 10.0
233372 11.0
233372 12.0
233357 11.0
233357 11.0
233357 10.0
233346 10.0
233346 10.0
233346 10.0
233346 10.0
233346 10.0
233304 10.0
233304 11.0
233304 11.0
233295 10.0
233257 10.0
233214 10.0
233220 10.0
233220 10.0
233219 10.0
233219 10.0
233214 10.0
233175 11.0
233166 10.0
233166 10.0
233131 10.0
233131 10.0
233123 10.0
233123 10.0
233123 10.0
233116 10.0
233116 11.0
233116 10.0
233116 11.0
233116 11.0
233104 11.0
233098 10.0
233098 10.0
233071 10.0
233073 10.0
233069 10.0
233069 11.0
233069 10.0
233001 11.0
232931 10.0
232931 11.0
232931 11.0
232931 11.0
232931 10.0
232892 10.0
232887 11.0
232887 10.0
232887 11.0
232838 10.0
232838 12.0
232775 10.0
232775 15.0
232775 10.0
232717 15.0
232674 10.0
232629 10.0
232622 11.0
232622 10.0
232622 10.0
232622 10.0
232622 10.0
232600 10.0
232600 10.0
232600 10.0
232580 11.0
232580 10.0
232580 10.0
232580 10.0
232580 10.0
232513 10.0
232513 10.0
232513 10.0
232512 10.0
232512 11.0
232413 11.0
232418 10.0
232374 10.0
232346 10.0
232346 10.0
232346 12.0
232346 10.0
232346 10.0
232314 10.0
232314 11.0
232314 11.0
232266 10.0
232231 10.0
232230 10.0
232230 10.0
232225 10.0
232225 10.0
232197 10.0
232194 12.0
232185 11.0
232055 10.0
232055 10.0
232052 10.0
232052 10.0
232047 10.0
232047 11.0
232047 10.0
232064 10.0
232064 10.0
232043 10.0
232043 10.0
232043 10.0
232035 10.0
232035 10.0
232035 10.0
232030 10.0
232012 10.0
232010 10.0
231960 11.0
231960 10.0
231945 10.0
231945 10.0
231945 11.0
231915 18.0
231915 14.0
231915 14.0
231915 13.0
231915 11.0
231891 10.0
231860 10.0
231860 10.0
231780 10.0
231757 10.0
231757 10.0
231757 10.0
231775 11.0
231775 11.0
231775 10.0
231775 10.0
231775 10.0
231775 10.0
231775 10.0
231775 10.0
231693 10.0
231651 10.0
231631 12.0
231609 11.0
231609 11.0
231609 10.0
231609 10.0
231609 10.0
231609 10.0
231609 10.0
231589 10.0
231589 11.0
231589 10.0
231589 11.0
231553 10.0
231500 10.0
231487 10.0
231487 10.0
231469 10.0
231460 10.0
231403 10.0
231403 11.0
231403 10.0
231386 11.0
231350 11.0
231258 10.0
231251 10.0
231289 10.0
231289 10.0
231286 10.0
231286 10.0
231286 11.0
231214 10.0
231189 10.0
231179 10.0
231175 10.0
231175 10.0
231175 10.0
231162 10.0
231162 10.0
231138 11.0
231138 11.0
231113 11.0
231107 15.0
231081 10.0
231091 11.0
231091 10.0
231091 10.0
231091 10.0
231091 11.0
231091 10.0
231091 11.0
231091 10.0
231087 11.0
231038 10.0
231038 10.0
231031 10.0
231031 10.0
231031 10.0
