First MST73514 795.0
73457 181.0
73431 151.0
73431 135.0
73431 167.0
73406 213.0
73404 238.0
73392 162.0
73392 164.0
73385 164.0
73324 143.0
73307 142.0
73307 158.0
73278 138.0
73276 168.0
73270 161.0
73270 150.0
73270 174.0
73215 168.0
73209 158.0
73209 203.0
73209 155.0
73209 164.0
73196 146.0
73196 146.0
73119 122.0
73072 145.0
73072 142.0
73028 144.0
73028 155.0
73028 142.0
73028 137.0
73028 144.0
73016 145.0
73014 126.0
73009 142.0
72994 146.0
72969 145.0
72926 140.0
72900 120.0
72897 143.0
72880 157.0
72868 145.0
72793 122.0
72793 152.0
72793 164.0
72793 164.0
72724 127.0
72724 248.0
72724 184.0
72698 145.0
72641 303.0
72641 547.0
72616 188.0
72591 191.0
72591 143.0
72576 338.0
72576 250.0
72576 203.0
72576 182.0
72569 291.0
72530 356.0
72487 157.0
72483 182.0
72483 183.0
72466 307.0
72466 295.0
72466 182.0
72463 159.0
72463 288.0
72462 188.0
72462 178.0
72435 198.0
72435 400.0
72432 146.0
72432 192.0
72395 295.0
72395 149.0
72384 197.0
72384 258.0
72353 198.0
72353 181.0
72311 145.0
72311 289.0
72311 147.0
72282 208.0
72233 187.0
72233 190.0
72196 185.0
72160 208.0
72111 319.0
72111 179.0
72058 176.0
72058 190.0
72058 159.0
72021 194.0
72021 151.0
72003 190.0
72003 167.0
71985 165.0
71985 177.0
71912 153.0
71896 169.0
71896 178.0
71896 169.0
71862 175.0
71821 192.0
71821 206.0
71799 160.0
71780 166.0
71766 158.0
71728 154.0
71711 183.0
71711 167.0
71672 153.0
71672 176.0
71666 174.0
71666 177.0
71636 183.0
71636 152.0
71636 177.0
71636 144.0
71636 189.0
71632 157.0
71618 182.0
71618 169.0
71604 174.0
71598 172.0
71598 185.0
71533 160.0
71489 198.0
71479 147.0
71479 187.0
71479 152.0
71479 175.0
71479 155.0
71479 159.0
71469 177.0
71469 142.0
71431 161.0
71431 187.0
71431 152.0
71431 151.0
71430 168.0
71424 179.0
71424 188.0
71412 157.0
71403 172.0
71400 186.0
71399 154.0
71399 171.0
71370 145.0
71370 172.0
71370 169.0
71370 147.0
71360 172.0
71360 177.0
71348 148.0
71328 188.0
71324 251.0
71298 254.0
71287 164.0
71287 153.0
71283 146.0
71283 145.0
71283 143.0
71267 169.0
71255 142.0
71228 148.0
71205 195.0
71191 163.0
71191 144.0
71189 173.0
71184 174.0
71184 139.0
71134 169.0
71134 181.0
71112 149.0
71112 149.0
71112 164.0
71104 181.0
71104 185.0
71102 143.0
71102 143.0
71095 151.0
71095 152.0
71095 142.0
71095 147.0
71094 162.0
71068 140.0
71009 150.0
71009 146.0
70998 155.0
70998 186.0
70998 193.0
70998 164.0
70962 179.0
70935 192.0
70923 181.0
70889 186.0
70889 174.0
70872 180.0
70861 183.0
70837 177.0
70837 177.0
70776 166.0
70776 189.0
70776 148.0
70776 195.0
70747 147.0
70747 151.0
70747 191.0
70738 141.0
70738 147.0
70703 185.0
70664 173.0
70664 149.0
70664 156.0
70664 175.0
70664 185.0
70656 152.0
70610 168.0
70610 181.0
70610 154.0
70609 149.0
70599 154.0
70599 175.0
70599 198.0
70583 145.0
70583 193.0
70583 168.0
70583 156.0
70583 189.0
70559 147.0
70559 158.0
70559 185.0
70559 147.0
70485 153.0
70485 182.0
70485 187.0
70485 128.0
70470 118.0
70464 139.0
70460 127.0
70460 146.0
70433 148.0
70413 131.0
70363 144.0
70353 119.0
70263 135.0
70263 149.0
70247 131.0
70205 118.0
70188 139.0
70188 146.0
70131 143.0
70113 132.0
70100 128.0
70095 121.0
70095 126.0
70086 128.0
70050 130.0
70050 142.0
70050 118.0
70040 128.0
70017 146.0
70017 146.0
69979 120.0
69956 162.0
69956 124.0
69955 120.0
69955 153.0
69955 144.0
69909 118.0
69882 127.0
69882 146.0
69804 153.0
69774 118.0
69774 140.0
69747 163.0
69747 122.0
69747 127.0
69726 142.0
69726 152.0
69726 123.0
69726 134.0
69708 153.0
69690 129.0
69690 119.0
69690 134.0
69672 162.0
69650 146.0
69650 122.0
69650 147.0
69628 153.0
69628 131.0
69628 150.0
69628 133.0
69578 130.0
69578 146.0
69578 122.0
69578 135.0
69578 147.0
69545 200.0
69545 151.0
69545 130.0
69545 130.0
69537 141.0
69537 157.0
69537 208.0
69529 188.0
69529 158.0
69529 121.0
69526 127.0
69500 148.0
69500 143.0
69480 123.0
69480 128.0
69458 139.0
69458 141.0
69458 147.0
69457 126.0
69429 135.0
69417 146.0
69397 140.0
69397 154.0
69388 132.0
69388 128.0
69382 157.0
69382 152.0
69377 153.0
69377 140.0
69367 153.0
69330 129.0
69330 151.0
69330 134.0
69323 154.0
69323 150.0
69311 137.0
69311 163.0
69279 126.0
69270 139.0
69270 165.0
69270 128.0
69270 124.0
69270 148.0
69244 157.0
69240 117.0
69240 119.0
69240 134.0
69203 142.0
69203 147.0
69201 125.0
69201 129.0
69190 129.0
69184 134.0
69184 150.0
69184 128.0
69180 129.0
69147 143.0
69147 153.0
69147 128.0
69144 146.0
69144 126.0
69125 128.0
69109 154.0
69109 146.0
69109 134.0
69070 171.0
69045 180.0
69045 165.0
69036 138.0
69033 149.0
69033 189.0
69033 194.0
69033 151.0
69033 136.0
69033 151.0
69033 267.0
69033 237.0
69033 147.0
69033 185.0
69033 149.0
69033 180.0
69021 170.0
69011 156.0
68999 126.0
68990 157.0
68972 139.0
68972 159.0
68972 150.0
68972 143.0
68970 155.0
68962 118.0
68954 155.0
68954 128.0
68954 162.0
68940 143.0
68940 166.0
68940 140.0
68884 161.0
68874 135.0
68867 144.0
68831 160.0
68807 124.0
68807 168.0
68807 121.0
68777 133.0
68776 153.0
68763 128.0
68737 147.0
68729 171.0
68707 174.0
68707 127.0
68661 121.0
68641 151.0
68641 142.0
68629 150.0
68611 160.0
68611 128.0
68611 139.0
68611 168.0
68596 138.0
68596 145.0
68596 146.0
68588 164.0
68588 124.0
68574 123.0
68556 138.0
68556 160.0
68556 133.0
68556 122.0
68556 126.0
68556 127.0
68551 131.0
68551 122.0
68551 155.0
68544 142.0
68544 118.0
68514 132.0
68514 162.0
68486 130.0
68471 117.0
68471 118.0
68469 136.0
68461 146.0
68461 148.0
68441 132.0
68441 155.0
68419 120.0
68348 132.0
68348 183.0
68346 129.0
68346 122.0
68323 136.0
68303 151.0
68303 152.0
68303 118.0
68257 125.0
68257 126.0
68250 122.0
68246 122.0
68246 138.0
68246 150.0
68213 121.0
68213 132.0
68213 161.0
68189 134.0
68181 151.0
68140 127.0
68140 155.0
68140 148.0
68137 185.0
68137 186.0
68128 171.0
68128 151.0
68123 160.0
68074 131.0
68067 148.0
68067 171.0
68067 131.0
68037 146.0
68037 131.0
68037 152.0
68012 120.0
68003 135.0
67985 158.0
67982 117.0
67982 137.0
67968 151.0
67945 124.0
67922 123.0
67922 137.0
67922 154.0
67922 131.0
67919 134.0
67919 134.0
67899 149.0
67899 142.0
67886 155.0
67886 177.0
67886 123.0
67885 147.0
67885 148.0
67860 131.0
67860 146.0
67860 138.0
67860 136.0
67830 158.0
67827 160.0
67800 126.0
67800 154.0
67800 170.0
67800 138.0
67800 153.0
67800 149.0
67800 156.0
67787 142.0
67787 149.0
67787 142.0
67787 153.0
67786 145.0
67744 129.0
67723 171.0
67717 177.0
67717 133.0
67717 145.0
67717 123.0
67704 173.0
67704 145.0
67704 119.0
67686 169.0
67680 141.0
67680 139.0
67680 183.0
67680 168.0
67671 162.0
67662 168.0
67662 159.0
67653 161.0
67642 165.0
67614 203.0
67614 154.0
67609 199.0
67609 149.0
67609 157.0
67609 184.0
67552 197.0
67523 157.0
67523 146.0
67521 142.0
67521 148.0
67521 137.0
67521 165.0
67521 130.0
67513 146.0
67464 123.0
67430 154.0
67430 167.0
67430 120.0
67424 143.0
67424 167.0
67413 124.0
67413 148.0
67409 151.0
67406 167.0
67385 127.0
67352 128.0
67328 139.0
67326 137.0
67315 164.0
67269 162.0
67247 128.0
67246 165.0
67229 123.0
67229 160.0
67229 133.0
67203 176.0
67203 139.0
67137 143.0
67137 158.0
67110 133.0
67110 145.0
67110 154.0
67110 130.0
67110 134.0
67098 159.0
67098 136.0
67098 142.0
67098 188.0
67074 166.0
67047 190.0
67047 162.0
66974 164.0
66961 211.0
66951 154.0
66951 162.0
66902 163.0
66891 175.0
66891 162.0
66891 198.0
66891 148.0
66891 175.0
66865 129.0
66810 163.0
66747 132.0
66747 155.0
66714 165.0
66688 130.0
66663 165.0
66655 151.0
66655 139.0
66655 162.0
66655 164.0
66655 133.0
66655 157.0
66655 142.0
66644 152.0
66623 170.0
66607 158.0
66607 267.0
66607 279.0
66589 144.0
66577 164.0
66577 151.0
66577 133.0
66539 162.0
66510 145.0
66506 141.0
66505 154.0
66505 171.0
66482 131.0
66482 173.0
66482 162.0
66482 153.0
66482 178.0
66482 165.0
66468 153.0
66461 226.0
66461 164.0
66461 239.0
66461 165.0
66431 164.0
66421 157.0
66413 142.0
66413 164.0
66391 184.0
66391 150.0
66391 174.0
66391 130.0
66385 169.0
66381 182.0
66357 147.0
66357 170.0
66357 140.0
66350 168.0
66310 170.0
66310 149.0
66272 166.0
66262 145.0
66262 165.0
66252 158.0
66238 157.0
66238 154.0
66215 149.0
66215 162.0
66215 142.0
66190 166.0
66182 127.0
66182 163.0
66181 263.0
66095 234.0
66095 259.0
66095 137.0
66095 165.0
66095 128.0
66069 183.0
66063 170.0
66051 148.0
66045 149.0
66045 179.0
66045 131.0
66032 131.0
66028 165.0
66007 183.0
66007 170.0
66000 130.0
65990 159.0
65990 174.0
65959 124.0
65959 132.0
65918 258.0
65918 188.0
65918 268.0
65892 145.0
65874 141.0
65874 162.0
65861 165.0
65861 173.0
65856 193.0
65856 165.0
65815 205.0
65801 189.0
65753 153.0
65747 172.0
65747 190.0
65747 191.0
65747 180.0
65747 153.0
65747 146.0
65745 162.0
65733 150.0
65731 153.0
65731 155.0
65721 180.0
65721 189.0
65721 175.0
65721 184.0
65721 160.0
65717 174.0
65688 188.0
65679 160.0
65675 205.0
65675 157.0
65675 165.0
65669 200.0
65669 146.0
65669 172.0
65669 200.0
65669 189.0
65669 224.0
65660 190.0
65660 186.0
65644 207.0
65644 223.0
65594 161.0
65594 156.0
65593 246.0
65556 172.0
65556 152.0
65556 157.0
65556 180.0
65556 349.0
65548 201.0
65548 153.0
65548 167.0
65541 184.0
65541 185.0
65541 193.0
65541 164.0
65523 160.0
65523 192.0
65483 187.0
65483 201.0
65483 207.0
65483 232.0
65483 217.0
65483 180.0
65449 222.0
65449 335.0
65413 179.0
65409 188.0
65409 154.0
65352 406.0
65352 172.0
65349 202.0
65349 181.0
65293 240.0
65276 182.0
65260 177.0
65260 203.0
65256 279.0
65223 174.0
65223 185.0
65223 144.0
65223 190.0
65223 279.0
65223 238.0
65205 178.0
65179 182.0
65159 179.0
65159 183.0
65159 237.0
65159 182.0
65154 151.0
65154 181.0
65154 192.0
65144 147.0
65120 171.0
65120 201.0
65120 189.0
65114 190.0
65114 215.0
65114 167.0
65114 195.0
65114 147.0
65096 255.0
65096 276.0
65092 512.0
65092 193.0
65073 147.0
65037 221.0
65011 194.0
65002 159.0
65002 247.0
65002 199.0
65002 185.0
65002 209.0
64973 168.0
64952 331.0
64925 165.0
64925 348.0
64908 286.0
64908 175.0
64905 505.0
64879 352.0
64879 471.0
64879 343.0
64879 479.0
64836 462.0
64836 193.0
64827 220.0
64809 185.0
64805 323.0
64801 414.0
64747 205.0
64736 382.0
64736 375.0
64736 205.0
64736 379.0
64736 213.0
64736 226.0
64736 302.0
64714 340.0
64714 221.0
64714 164.0
64714 188.0
64714 146.0
64714 342.0
64684 207.0
64680 321.0
64680 291.0
64680 146.0
64666 322.0
64655 183.0
64651 169.0
64651 386.0
64651 246.0
64651 156.0
64651 240.0
64642 284.0
64642 252.0
64642 226.0
64629 162.0
64629 189.0
64577 175.0
64577 243.0
64577 166.0
64485 171.0
64485 162.0
64457 177.0
64437 175.0
64425 200.0
64401 217.0
64401 299.0
64401 164.0
64394 184.0
64379 152.0
64379 278.0
64330 340.0
64330 187.0
64330 152.0
64330 148.0
64330 157.0
64295 283.0
64295 244.0
64295 152.0
64295 151.0
64295 165.0
64288 207.0
64277 180.0
64277 137.0
64248 173.0
64248 186.0
64220 162.0
64220 240.0
64218 200.0
64187 181.0
64187 203.0
64185 204.0
64171 182.0
64171 185.0
64151 185.0
64151 264.0
64151 233.0
64151 194.0
64142 179.0
64142 257.0
64133 399.0
64133 155.0
64133 186.0
64133 146.0
64112 260.0
64112 314.0
64112 182.0
64112 147.0
64112 274.0
64112 164.0
64062 189.0
64062 150.0
64062 182.0
64055 246.0
64055 152.0
64055 183.0
64051 152.0
64045 296.0
64045 223.0
64037 148.0
63983 153.0
63980 183.0
63969 180.0
63969 143.0
63907 179.0
63893 163.0
63893 163.0
63893 188.0
63893 191.0
63893 152.0
63893 159.0
63877 160.0
63828 175.0
63811 194.0
63803 173.0
63803 211.0
63803 204.0
63803 194.0
63803 251.0
63803 183.0
63803 203.0
63803 149.0
63803 243.0
63803 151.0
63767 175.0
63742 182.0
63701 187.0
63679 302.0
63660 184.0
63660 146.0
63660 164.0
63660 236.0
63660 190.0
63660 142.0
63618 156.0
63618 198.0
63618 278.0
63610 163.0
63585 161.0
63573 194.0
63573 178.0
63573 148.0
63532 200.0
63532 165.0
63532 148.0
63532 187.0
63532 177.0
63499 144.0
63476 166.0
63474 178.0
63459 183.0
63456 148.0
63454 141.0
63431 145.0
63431 168.0
63431 151.0
63427 149.0
63419 152.0
63413 151.0
63368 246.0
63368 257.0
63368 155.0
63355 160.0
63355 192.0
63336 178.0
63307 155.0
63285 160.0
63285 343.0
63255 154.0
63239 146.0
63239 171.0
63239 203.0
63239 169.0
63235 152.0
63235 227.0
63235 250.0
63235 256.0
63235 183.0
63235 161.0
63202 151.0
63188 286.0
63188 164.0
63188 177.0
