First MST37004 298.0
37000 57.0
36988 42.0
36988 41.0
36981 44.0
36957 70.0
36925 65.0
36852 41.0
36852 42.0
36852 41.0
36823 44.0
36789 45.0
36789 41.0
36766 44.0
36762 42.0
36753 67.0
36737 61.0
36704 63.0
36657 62.0
36655 42.0
36655 40.0
36655 39.0
36655 40.0
36629 53.0
36595 41.0
36565 53.0
36559 46.0
36558 36.0
36554 39.0
36554 37.0
36554 39.0
36527 38.0
36470 37.0
36456 39.0
36438 39.0
36432 51.0
36432 67.0
36390 68.0
36383 60.0
36365 59.0
36316 60.0
36283 61.0
36267 62.0
36241 57.0
36241 46.0
36241 46.0
36241 54.0
36186 63.0
36185 52.0
36185 52.0
36185 63.0
36183 56.0
36183 59.0
36145 40.0
36088 42.0
36088 49.0
36088 43.0
36069 43.0
36069 44.0
36069 44.0
36069 43.0
36069 40.0
36069 40.0
36069 40.0
36069 41.0
36051 40.0
36051 40.0
36051 48.0
36040 41.0
36040 41.0
36016 41.0
36016 40.0
36002 40.0
35997 38.0
35970 41.0
35970 39.0
35948 60.0
35948 60.0
35948 70.0
35948 61.0
35861 72.0
35861 40.0
35844 41.0
35842 38.0
35842 40.0
35800 41.0
35780 40.0
35780 40.0
35780 46.0
35752 40.0
35731 40.0
35731 42.0
35731 40.0
35721 41.0
35721 40.0
35721 39.0
35721 43.0
35717 43.0
35717 42.0
35648 43.0
35614 50.0
35597 41.0
35594 42.0
35594 41.0
35594 40.0
35526 43.0
35522 45.0
35468 42.0
35468 43.0
35468 42.0
35433 44.0
35427 44.0
35358 59.0
35327 42.0
35315 41.0
35310 44.0
35308 46.0
35280 42.0
35273 40.0
35273 42.0
35273 42.0
35273 39.0
35273 41.0
35268 47.0
35268 45.0
35268 41.0
35268 41.0
35254 43.0
35239 41.0
35181 41.0
35154 40.0
35149 43.0
35149 51.0
35136 48.0
35136 52.0
35129 43.0
35129 41.0
35126 41.0
35126 44.0
35118 39.0
35118 40.0
35118 42.0
35118 41.0
35118 42.0
35118 40.0
35118 41.0
35118 49.0
35118 40.0
35108 42.0
35108 44.0
35103 39.0
35093 40.0
35093 43.0
35092 41.0
35092 40.0
35092 49.0
35086 42.0
35074 44.0
35034 43.0
35031 40.0
35005 39.0
34987 41.0
34986 40.0
34982 40.0
34951 41.0
34908 43.0
34888 41.0
34847 41.0
34809 40.0
34787 40.0
34782 47.0
34779 39.0
34779 38.0
34779 41.0
34779 40.0
34779 40.0
34779 42.0
34771 41.0
34771 41.0
34733 41.0
34698 41.0
34698 41.0
34690 48.0
34690 41.0
34673 42.0
34668 42.0
34668 41.0
34668 44.0
34655 39.0
34641 40.0
34641 41.0
34641 39.0
34640 40.0
34638 40.0
34638 46.0
34638 40.0
34628 40.0
34628 39.0
34608 40.0
34604 40.0
34604 40.0
34588 40.0
34559 40.0
34543 41.0
34543 40.0
34506 40.0
34506 45.0
34469 41.0
34469 39.0
34453 41.0
34453 39.0
34453 41.0
34453 40.0
34453 40.0
34448 40.0
34426 40.0
34414 39.0
34387 37.0
34350 48.0
34335 41.0
34328 39.0
34328 42.0
34328 40.0
34328 38.0
34323 37.0
34303 36.0
34303 40.0
34303 39.0
34269 38.0
34269 37.0
34269 39.0
34269 47.0
34253 41.0
34227 41.0
34227 41.0
34197 41.0
34197 40.0
34115 40.0
34115 39.0
34115 39.0
34115 39.0
34064 44.0
34058 41.0
34050 47.0
34010 40.0
33983 43.0
33983 41.0
33950 42.0
33914 43.0
33884 43.0
33884 41.0
33884 39.0
33878 39.0
33878 42.0
33878 45.0
33861 46.0
33852 45.0
33829 44.0
33818 43.0
33810 41.0
33786 41.0
33726 42.0
33726 42.0
33726 42.0
33714 41.0
33701 41.0
33701 47.0
33685 41.0
33679 46.0
33679 41.0
33679 41.0
33679 41.0
33679 41.0
33670 42.0
33670 42.0
33670 40.0
33617 40.0
33588 41.0
33588 48.0
33585 52.0
33585 54.0
33578 49.0
33578 44.0
33568 42.0
33568 42.0
33568 42.0
33552 42.0
33545 43.0
33545 41.0
33545 48.0
33539 41.0
33510 42.0
33508 42.0
33508 43.0
33486 43.0
33486 43.0
33479 45.0
33479 43.0
33444 43.0
33444 42.0
33444 45.0
33444 43.0
33444 42.0
33425 43.0
33425 42.0
33425 41.0
33420 42.0
33410 42.0
33410 41.0
33410 47.0
33390 47.0
33390 46.0
33344 46.0
33344 43.0
33324 42.0
33324 42.0
33283 41.0
33273 41.0
33207 43.0
33207 41.0
33207 42.0
33207 43.0
33202 42.0
33202 47.0
33147 43.0
33147 42.0
33093 44.0
33083 45.0
33083 41.0
33057 42.0
33050 41.0
33026 43.0
33010 41.0
33010 42.0
33010 41.0
33010 47.0
33010 42.0
33010 41.0
32938 44.0
32938 41.0
32928 42.0
32887 43.0
32887 43.0
32887 42.0
32868 44.0
32808 42.0
32796 48.0
32791 44.0
32791 46.0
32791 43.0
32791 43.0
32791 41.0
32740 40.0
32732 42.0
32727 43.0
32705 42.0
32705 43.0
32705 44.0
32705 48.0
32666 46.0
32666 43.0
32666 42.0
32643 41.0
32637 41.0
32619 42.0
32579 41.0
32579 43.0
32579 41.0
32554 40.0
32535 48.0
32532 42.0
32522 48.0
32487 47.0
32487 45.0
32487 44.0
32487 43.0
32487 43.0
32487 43.0
32487 41.0
32463 42.0
32463 38.0
32447 51.0
32429 44.0
32429 45.0
32429 47.0
32426 44.0
32412 43.0
32399 46.0
32363 45.0
32360 46.0
32357 44.0
32357 46.0
32330 46.0
32319 44.0
32319 45.0
32319 41.0
32319 42.0
32308 41.0
32308 40.0
32308 41.0
32308 42.0
32308 41.0
32308 42.0
32308 41.0
32308 46.0
32308 42.0
32308 43.0
32250 42.0
32239 42.0
32220 41.0
32220 43.0
32200 45.0
32188 49.0
32188 49.0
32179 49.0
32129 50.0
32129 47.0
32116 47.0
32099 47.0
32099 48.0
32099 49.0
32099 49.0
32081 48.0
32068 45.0
32058 49.0
32058 52.0
32058 48.0
32058 47.0
32058 48.0
32011 49.0
32011 49.0
32011 49.0
32011 47.0
31929 42.0
31929 41.0
31929 45.0
31929 44.0
31921 41.0
31905 42.0
31905 43.0
31905 41.0
31899 41.0
31870 40.0
31870 42.0
31831 40.0
31784 41.0
31784 41.0
31738 43.0
31690 43.0
31671 41.0
31614 42.0
31614 41.0
31614 41.0
31614 41.0
31596 41.0
31595 40.0
31595 41.0
31595 41.0
31579 41.0
31564 50.0
31563 41.0
31490 43.0
31490 42.0
31490 42.0
31473 40.0
31473 41.0
31473 42.0
31461 43.0
31430 43.0
31411 41.0
31411 43.0
31411 48.0
31409 42.0
31395 38.0
31385 41.0
31385 41.0
31385 41.0
31385 43.0
31378 41.0
31378 42.0
31378 42.0
31372 43.0
31372 41.0
31372 47.0
31372 42.0
31343 47.0
31343 43.0
31343 42.0
31343 40.0
31331 41.0
31323 44.0
31323 40.0
31323 42.0
31314 42.0
31314 54.0
31275 44.0
31275 40.0
31238 42.0
31238 42.0
31238 41.0
31238 42.0
31236 43.0
31236 42.0
31236 40.0
31183 41.0
31183 41.0
31183 47.0
31178 42.0
31178 42.0
31147 42.0
31147 40.0
31147 42.0
31142 42.0
31121 42.0
31121 41.0
31121 40.0
31088 41.0
31087 41.0
31087 43.0
31081 41.0
31080 39.0
31071 40.0
31029 43.0
30982 39.0
30982 41.0
30982 42.0
30978 40.0
30978 41.0
30971 41.0
30971 40.0
30971 47.0
30971 41.0
30971 41.0
30971 41.0
30971 37.0
30937 41.0
30932 42.0
30922 42.0
30922 41.0
30915 40.0
30908 40.0
30877 41.0
30877 48.0
30877 42.0
30877 40.0
30877 42.0
30877 42.0
30863 42.0
30855 41.0
30844 43.0
30841 42.0
30841 42.0
30841 43.0
30833 49.0
30816 40.0
30815 45.0
30773 43.0
30773 43.0
30773 42.0
30773 41.0
30773 42.0
30747 43.0
30732 42.0
30732 40.0
30729 42.0
30725 47.0
30722 45.0
30680 40.0
30680 44.0
30662 42.0
30652 41.0
30652 38.0
30645 41.0
30603 43.0
30593 41.0
30593 38.0
30593 46.0
30577 47.0
30577 41.0
30577 41.0
30577 41.0
30577 42.0
30577 38.0
30577 40.0
30577 42.0
30577 41.0
30577 41.0
30577 41.0
30577 41.0
30577 43.0
30573 40.0
30558 42.0
30558 38.0
30540 42.0
30532 41.0
30529 39.0
30522 42.0
30510 41.0
30510 39.0
30510 43.0
30510 41.0
30510 44.0
30510 43.0
30497 43.0
30431 42.0
30429 42.0
30429 42.0
30407 42.0
30407 42.0
30396 38.0
30396 41.0
30396 40.0
30396 40.0
30396 50.0
30396 43.0
30396 42.0
30396 39.0
30385 45.0
30341 41.0
30341 41.0
30341 42.0
30341 42.0
30315 42.0
30315 39.0
30315 43.0
30293 46.0
30293 42.0
30277 43.0
30268 47.0
30268 43.0
30268 39.0
30249 41.0
30249 41.0
30249 41.0
30249 39.0
30249 42.0
30249 48.0
30242 41.0
30234 41.0
30234 43.0
30234 41.0
30228 40.0
30224 42.0
30224 42.0
30213 39.0
30208 41.0
30199 43.0
30199 39.0
30199 49.0
30199 43.0
30133 39.0
30127 42.0
30127 41.0
30127 39.0
30127 41.0
30127 42.0
30127 38.0
30127 41.0
30114 42.0
30092 40.0
30084 48.0
30076 42.0
30060 42.0
30060 42.0
30044 44.0
30044 43.0
30044 40.0
30018 43.0
29970 44.0
29970 43.0
29959 42.0
29942 40.0
29913 45.0
29913 41.0
29913 42.0
29913 39.0
29896 42.0
29870 41.0
29850 41.0
29841 38.0
29815 41.0
29810 43.0
29752 41.0
29734 37.0
29709 44.0
29709 44.0
29709 42.0
29697 39.0
29697 42.0
29666 42.0
29666 42.0
29666 42.0
29662 42.0
29662 42.0
29660 43.0
29636 45.0
29634 48.0
29620 41.0
29612 42.0
29579 42.0
29579 42.0
29569 42.0
29556 44.0
29530 42.0
29523 39.0
29473 42.0
29473 41.0
29473 42.0
29473 44.0
29473 42.0
29464 40.0
29463 42.0
29463 42.0
29463 41.0
29463 43.0
29463 40.0
29463 44.0
29448 42.0
29448 39.0
29448 48.0
29400 41.0
29400 42.0
29391 42.0
29391 39.0
29391 42.0
29359 38.0
29359 42.0
29359 40.0
29349 40.0
29349 40.0
29349 39.0
29349 46.0
29349 42.0
29345 44.0
29345 41.0
29345 43.0
29334 41.0
29333 42.0
29333 41.0
29333 41.0
29333 42.0
29327 41.0
29327 42.0
29306 47.0
29306 43.0
29306 38.0
29281 41.0
29281 42.0
29281 42.0
29281 39.0
29281 42.0
29281 41.0
29281 40.0
29278 40.0
29278 42.0
29278 48.0
29278 42.0
29278 44.0
29276 43.0
29276 40.0
29276 42.0
29272 41.0
29272 40.0
29272 42.0
29272 43.0
29272 40.0
29272 41.0
29268 50.0
29268 43.0
29262 43.0
29262 42.0
29262 43.0
29262 42.0
29262 39.0
29262 42.0
29262 42.0
29262 41.0
29262 42.0
29262 38.0
29213 48.0
29213 42.0
29213 41.0
29212 41.0
29212 39.0
29204 41.0
29204 38.0
29204 42.0
29183 40.0
29176 40.0
29176 40.0
29176 41.0
29170 52.0
29170 41.0
29170 42.0
29144 41.0
29144 42.0
29144 41.0
29144 42.0
29115 39.0
29115 43.0
29115 41.0
29113 41.0
29113 43.0
29100 41.0
29100 42.0
29100 42.0
29063 41.0
29063 41.0
29063 42.0
29060 42.0
28975 40.0
28929 41.0
28929 46.0
28929 42.0
28929 40.0
28922 47.0
28920 41.0
28898 45.0
28898 40.0
28894 42.0
28894 42.0
28885 38.0
28867 41.0
28857 41.0
28853 40.0
28853 41.0
28840 48.0
28840 43.0
28840 45.0
28790 43.0
28790 42.0
28790 42.0
28790 42.0
28720 42.0
28720 41.0
28719 42.0
28719 42.0
28719 41.0
28718 48.0
28623 43.0
28595 42.0
28595 41.0
28595 39.0
28570 41.0
28570 43.0
28551 39.0
28551 42.0
28551 40.0
28551 42.0
28551 44.0
28551 44.0
28551 44.0
28551 39.0
28546 41.0
28546 41.0
28539 40.0
28539 43.0
28539 41.0
28490 41.0
28450 40.0
28444 40.0
28436 41.0
28429 47.0
28416 42.0
28393 41.0
28388 41.0
28381 41.0
28368 41.0
28368 42.0
28340 41.0
28340 38.0
28340 40.0
28340 40.0
28340 42.0
28302 45.0
28302 59.0
28302 49.0
28302 42.0
28302 40.0
28279 42.0
28276 43.0
28249 41.0
28249 42.0
28249 40.0
28249 42.0
28249 47.0
28223 43.0
28198 39.0
28198 42.0
28186 37.0
28178 33.0
28178 34.0
28169 35.0
28169 34.0
28169 35.0
28169 34.0
28138 34.0
28107 35.0
28107 33.0
28087 39.0
28087 36.0
28087 35.0
28087 34.0
28080 33.0
28068 35.0
28068 35.0
28068 35.0
28068 35.0
28068 32.0
28068 34.0
28068 33.0
28060 35.0
28060 33.0
28045 40.0
28045 35.0
28036 35.0
28036 35.0
27992 35.0
27992 34.0
27991 33.0
27991 35.0
27991 34.0
27990 34.0
27982 36.0
27961 35.0
27959 34.0
27959 34.0
27959 41.0
27959 34.0
27959 34.0
27935 33.0
27914 37.0
27908 34.0
27908 32.0
27908 35.0
27908 35.0
27908 33.0
27908 35.0
27908 41.0
27908 36.0
27906 35.0
27906 42.0
27838 37.0
27762 34.0
27762 37.0
27726 33.0
27706 35.0
27706 35.0
27706 35.0
27706 34.0
27706 32.0
27698 34.0
27687 35.0
27687 35.0
27687 35.0
27680 40.0
27671 36.0
27651 34.0
27651 34.0
27651 36.0
27638 34.0
27638 34.0
27638 32.0
27638 34.0
27638 32.0
27577 35.0
27565 33.0
27481 34.0
27458 33.0
27458 35.0
27458 38.0
27443 34.0
27443 34.0
27443 34.0
27443 34.0
27411 34.0
27402 35.0
27402 34.0
27402 32.0
27383 34.0
27358 35.0
27358 34.0
27355 34.0
27355 36.0
27330 42.0
27330 37.0
27300 35.0
27295 34.0
27295 32.0
27295 35.0
27295 36.0
27280 35.0
27280 36.0
27280 34.0
27280 39.0
27280 35.0
27238 35.0
27238 34.0
27219 41.0
27219 37.0
27219 34.0
