First MST145716 5587.0
145702 984.0
145684 891.0
145651 967.0
145648 1299.0
145606 896.0
145583 757.0
145554 827.0
145554 732.0
145554 739.0
145541 794.0
145532 842.0
145532 1025.0
145482 858.0
145473 963.0
145471 974.0
145471 2442.0
145471 1035.0
145420 1370.0
145420 1074.0
145420 1786.0
145409 1234.0
145409 1436.0
145367 1027.0
145367 986.0
145333 1056.0
145297 897.0
145265 824.0
145261 765.0
145261 726.0
145261 842.0
145261 791.0
145261 761.0
145241 739.0
145237 817.0
145235 826.0
145214 857.0
145205 869.0
145205 860.0
145195 827.0
145181 789.0
145166 786.0
145153 766.0
145142 842.0
145142 767.0
145142 692.0
145142 648.0
145137 726.0
145131 730.0
145131 808.0
145078 799.0
145059 681.0
145059 643.0
145049 635.0
145019 647.0
145019 681.0
145019 771.0
145019 753.0
145019 743.0
145014 799.0
145006 805.0
144978 699.0
144957 676.0
144953 652.0
144953 686.0
144943 811.0
144943 694.0
144920 645.0
144920 636.0
144920 750.0
144920 654.0
144920 630.0
144919 624.0
144919 633.0
144878 665.0
144878 645.0
144796 632.0
144796 629.0
144796 630.0
144796 655.0
144773 714.0
144773 682.0
144749 683.0
144715 738.0
144691 700.0
144658 754.0
144624 821.0
144610 800.0
144610 664.0
144584 683.0
144557 660.0
144524 662.0
144524 697.0
144524 715.0
144524 714.0
144517 704.0
144489 704.0
144485 753.0
144485 756.0
144454 801.0
144454 814.0
144445 666.0
144370 634.0
144353 656.0
144353 671.0
144314 692.0
144238 743.0
144238 705.0
144236 708.0
144236 752.0
144220 773.0
144209 809.0
144209 732.0
144188 659.0
144168 642.0
144110 631.0
144110 654.0
144110 689.0
144066 1073.0
144066 1065.0
144066 971.0
144066 691.0
144066 666.0
144046 656.0
144046 804.0
144039 779.0
144029 764.0
144029 801.0
144029 800.0
144028 687.0
144014 678.0
143966 633.0
143966 642.0
143966 653.0
143966 686.0
143966 710.0
143966 700.0
143899 683.0
143899 656.0
143848 634.0
143848 629.0
143848 632.0
143832 677.0
143832 640.0
143832 619.0
143832 639.0
143832 673.0
143832 741.0
143818 692.0
143816 751.0
143805 737.0
143795 762.0
143795 810.0
143792 728.0
143792 662.0
143792 659.0
143737 658.0
143737 644.0
143708 680.0
143634 733.0
143623 723.0
143574 704.0
143574 688.0
143521 642.0
143521 613.0
143505 632.0
143483 711.0
143483 686.0
143458 633.0
143458 621.0
143415 648.0
143410 621.0
143410 629.0
143384 656.0
143384 728.0
143384 714.0
143384 661.0
143382 706.0
143363 713.0
143363 754.0
143342 782.0
143342 787.0
143336 687.0
143336 644.0
143336 642.0
143336 668.0
143336 683.0
143336 711.0
143326 704.0
143304 741.0
143304 705.0
143282 658.0
143257 637.0
143257 626.0
143257 662.0
143257 649.0
143219 635.0
143219 695.0
143213 702.0
143191 699.0
143191 760.0
143191 695.0
143158 670.0
143147 729.0
143147 716.0
143136 749.0
143136 798.0
143136 795.0
143132 677.0
143132 646.0
143132 656.0
143132 738.0
143127 801.0
143127 840.0
143127 708.0
143118 750.0
143101 1192.0
143085 1171.0
143085 1524.0
143085 1549.0
143076 833.0
143076 740.0
143076 743.0
143076 755.0
143023 945.0
143005 942.0
143005 1182.0
143005 842.0
142985 808.0
142985 865.0
142985 1491.0
142985 1922.0
142985 4536.0
142967 2295.0
142967 1421.0
142967 2264.0
142967 1666.0
142929 1505.0
142929 973.0
142906 986.0
142862 981.0
142845 941.0
142828 959.0
142828 1241.0
142828 2045.0
142828 2665.0
142819 1959.0
142772 1589.0
142699 2746.0
142671 1229.0
142671 767.0
142667 702.0
142664 668.0
142664 774.0
142662 725.0
142624 803.0
142572 903.0
142564 692.0
142560 685.0
142543 681.0
142543 780.0
142519 986.0
142519 886.0
142519 892.0
142511 716.0
142493 709.0
142493 687.0
142489 679.0
142459 716.0
142459 744.0
142448 864.0
142448 778.0
142448 702.0
142428 668.0
142428 701.0
142428 669.0
142402 699.0
142385 765.0
142385 752.0
142385 702.0
142363 687.0
142363 727.0
142362 732.0
142362 816.0
142360 701.0
142360 670.0
142317 713.0
142308 721.0
142308 742.0
142308 812.0
142299 834.0
142263 876.0
142263 798.0
142263 755.0
142256 742.0
142256 769.0
142256 798.0
142256 769.0
142239 720.0
142239 733.0
142239 666.0
142187 654.0
142187 649.0
142119 698.0
142119 833.0
142119 746.0
142119 685.0
142111 699.0
142111 748.0
142111 807.0
142111 762.0
142105 803.0
142105 897.0
142105 839.0
142088 791.0
142088 715.0
142061 727.0
142032 759.0
141994 752.0
141994 705.0
141961 637.0
141961 632.0
141952 693.0
141907 642.0
141894 637.0
141894 647.0
141888 685.0
141888 726.0
141888 700.0
141888 671.0
141853 665.0
141853 677.0
141816 900.0
141788 738.0
141788 734.0
141788 728.0
141788 767.0
141788 826.0
141788 799.0
141788 762.0
141764 738.0
141764 713.0
141764 650.0
141764 657.0
141759 715.0
141743 669.0
141733 680.0
141719 740.0
141719 678.0
141719 697.0
141695 703.0
141677 726.0
141657 749.0
141657 754.0
141649 847.0
141639 751.0
141603 685.0
141597 652.0
141562 648.0
141562 693.0
141562 680.0
141562 691.0
141562 691.0
141562 671.0
141534 758.0
141484 788.0
141484 748.0
141484 708.0
141466 697.0
141422 717.0
141418 718.0
141418 775.0
141403 775.0
141403 775.0
141403 781.0
141403 770.0
141403 723.0
141387 690.0
141387 660.0
141359 691.0
141359 725.0
141359 679.0
141293 656.0
141293 663.0
141293 696.0
141200 662.0
141164 691.0
141141 692.0
141138 666.0
141138 658.0
141127 692.0
141112 758.0
141045 697.0
141045 699.0
141045 669.0
141045 665.0
141045 672.0
141031 680.0
141031 713.0
141031 703.0
141029 683.0
141029 643.0
141026 719.0
141026 674.0
141026 676.0
141026 665.0
141026 647.0
140990 696.0
140990 734.0
140970 707.0
140970 681.0
140960 756.0
140938 730.0
140938 797.0
140895 837.0
140869 859.0
140869 836.0
140863 690.0
140851 659.0
140847 640.0
140847 657.0
140847 665.0
140828 727.0
140827 731.0
140792 714.0
140777 825.0
140777 672.0
140723 646.0
140718 634.0
140718 650.0
140718 681.0
140718 688.0
140718 641.0
140699 645.0
140699 662.0
140682 918.0
140674 823.0
140672 865.0
140672 862.0
140672 756.0
140672 728.0
140656 676.0
140614 664.0
140614 673.0
140614 721.0
140614 817.0
140596 721.0
140564 670.0
140564 689.0
140488 768.0
140470 697.0
140470 669.0
140470 701.0
140452 803.0
140408 940.0
140403 948.0
140392 883.0
140360 1141.0
140343 1017.0
140343 1120.0
140343 1198.0
140302 1315.0
140301 835.0
140301 803.0
140286 823.0
140286 827.0
140284 748.0
140265 661.0
140265 684.0
140245 1098.0
140213 682.0
140213 968.0
140194 778.0
140194 770.0
140194 783.0
140194 720.0
140194 697.0
140194 670.0
140185 839.0
140185 781.0
140185 938.0
140176 986.0
140176 655.0
140174 671.0
140154 672.0
140114 640.0
140111 664.0
140060 703.0
140045 786.0
140045 749.0
140026 727.0
140026 772.0
140026 846.0
140015 840.0
140015 886.0
140008 732.0
140008 660.0
139997 655.0
139997 667.0
139986 679.0
139986 668.0
139977 670.0
139972 669.0
139972 676.0
139960 702.0
139946 707.0
139946 670.0
139905 658.0
139905 703.0
139886 694.0
139886 763.0
139886 784.0
139876 822.0
139876 989.0
139876 729.0
139876 663.0
139800 632.0
139786 656.0
139786 697.0
139772 769.0
139772 686.0
139761 649.0
139749 636.0
139749 698.0
139748 795.0
139748 655.0
139748 667.0
139737 711.0
139694 678.0
139694 652.0
139694 661.0
139694 681.0
139677 788.0
139677 721.0
139677 678.0
139659 728.0
139659 732.0
139659 757.0
139659 802.0
139638 854.0
139599 868.0
139582 739.0
139582 713.0
139582 705.0
139582 747.0
139582 1042.0
139582 1261.0
139527 976.0
139489 927.0
139489 705.0
139489 644.0
139489 642.0
139489 664.0
139485 710.0
139485 667.0
139477 661.0
139458 685.0
139458 886.0
139458 686.0
139458 653.0
139458 635.0
139458 662.0
139436 1826.0
139436 1716.0
139436 866.0
139436 797.0
139434 777.0
139411 714.0
139404 662.0
139382 647.0
139378 729.0
139376 674.0
139367 666.0
139332 645.0
139332 656.0
139315 641.0
139296 670.0
139296 765.0
139296 730.0
139296 714.0
139296 746.0
139296 811.0
139296 828.0
139296 859.0
139296 725.0
139296 678.0
139296 673.0
139296 717.0
139289 770.0
139230 720.0
139215 658.0
139206 637.0
139206 710.0
139197 663.0
139180 642.0
139162 641.0
139162 693.0
139151 755.0
139151 711.0
139145 771.0
139145 778.0
139104 851.0
139095 973.0
139060 739.0
139060 690.0
139007 706.0
139007 730.0
139007 835.0
138990 758.0
138990 696.0
138984 655.0
138984 697.0
138984 655.0
138957 666.0
138933 716.0
138932 740.0
138932 668.0
138932 675.0
138913 649.0
138901 693.0
138898 665.0
138898 712.0
138880 772.0
138876 812.0
138863 840.0
138850 820.0
138850 818.0
138843 788.0
138804 763.0
138804 714.0
138804 651.0
138792 639.0
138791 706.0
138780 687.0
138745 683.0
138716 687.0
138716 713.0
138716 743.0
138707 785.0
138707 731.0
138690 697.0
138683 731.0
138683 703.0
138683 751.0
138663 779.0
138663 841.0
138655 862.0
138655 707.0
138652 685.0
138652 686.0
138588 702.0
138588 734.0
138588 791.0
138588 711.0
138582 651.0
138582 637.0
138582 797.0
138535 726.0
138505 751.0
138467 747.0
138467 801.0
138454 810.0
138380 870.0
138371 873.0
138349 719.0
138349 712.0
138349 667.0
138333 665.0
138331 668.0
138328 716.0
138305 810.0
138272 771.0
138249 666.0
138249 642.0
138249 647.0
138249 721.0
138249 796.0
138194 704.0
138182 683.0
138137 731.0
138135 691.0
138111 644.0
138045 669.0
138015 709.0
137969 772.0
137969 720.0
137969 678.0
137966 657.0
137966 729.0
137927 681.0
137927 651.0
137891 687.0
137891 666.0
137864 646.0
137834 652.0
137818 680.0
137817 754.0
137794 712.0
137780 722.0
137756 722.0
137756 770.0
137740 804.0
137733 834.0
137733 739.0
137722 704.0
137708 681.0
137708 720.0
137684 781.0
137684 724.0
137684 666.0
137672 639.0
137623 683.0
137586 662.0
137586 653.0
137586 685.0
137586 754.0
137586 720.0
137586 708.0
137586 782.0
137570 784.0
137561 822.0
137561 846.0
137550 717.0
137550 673.0
137515 668.0
137515 705.0
137479 835.0
137479 831.0
137479 845.0
137479 872.0
137479 830.0
137444 725.0
137419 657.0
137419 650.0
137372 650.0
137312 665.0
137281 725.0
137266 783.0
137266 701.0
137266 666.0
137266 680.0
137266 682.0
137266 656.0
137259 695.0
137254 818.0
137254 785.0
137225 847.0
137225 817.0
137225 714.0
137225 658.0
137203 656.0
137203 682.0
137203 675.0
137182 692.0
137182 761.0
137182 771.0
137182 743.0
137182 745.0
137136 806.0
137136 842.0
137136 891.0
137135 874.0
137135 751.0
137135 742.0
137135 796.0
137131 806.0
137130 780.0
137130 794.0
137120 817.0
137106 859.0
137106 829.0
137084 736.0
137082 704.0
137082 715.0
137082 751.0
137082 767.0
137082 727.0
137082 680.0
137071 689.0
137064 682.0
137064 658.0
137064 696.0
137064 811.0
137064 1332.0
137064 868.0
137064 789.0
137064 838.0
137064 681.0
137040 765.0
137040 748.0
137014 692.0
137011 766.0
137011 741.0
137011 787.0
137011 851.0
137011 838.0
137011 688.0
137011 676.0
136989 664.0
136989 673.0
136989 789.0
136988 956.0
136988 920.0
136980 652.0
136980 643.0
136980 670.0
136961 640.0
136932 1050.0
136920 899.0
136887 764.0
136883 707.0
136883 746.0
136876 740.0
136876 774.0
136876 819.0
136852 842.0
136837 706.0
136812 668.0
136812 663.0
136782 677.0
136751 699.0
136725 756.0
136709 684.0
136703 635.0
136698 653.0
136698 673.0
136694 649.0
136694 665.0
136694 697.0
136677 735.0
136677 750.0
136677 703.0
136677 670.0
136666 702.0
136657 682.0
136657 732.0
136657 739.0
136657 788.0
136657 842.0
136616 833.0
136600 716.0
136600 698.0
136600 721.0
136599 781.0
136599 737.0
136576 700.0
136576 645.0
136569 658.0
136569 673.0
136564 633.0
136564 669.0
136556 761.0
136548 708.0
136545 723.0
136545 703.0
136508 753.0
136508 769.0
136508 839.0
136499 846.0
136499 717.0
136471 690.0
136459 662.0
136424 673.0
136398 723.0
136382 758.0
136380 703.0
136364 725.0
136285 688.0
136285 654.0
136273 669.0
136271 768.0
136271 701.0
136271 674.0
136271 669.0
136228 727.0
136228 714.0
136228 754.0
136228 901.0
136228 855.0
136173 1124.0
136154 1421.0
136154 1223.0
136154 884.0
136154 847.0
136154 898.0
136154 1077.0
136145 1440.0
136130 1111.0
136130 968.0
136130 932.0
136069 1006.0
136069 822.0
136048 851.0
136032 831.0
136032 939.0
136032 899.0
136006 986.0
136006 984.0
135982 1084.0
135954 1218.0
135954 815.0
135954 791.0
135939 769.0
135918 798.0
135918 828.0
135918 921.0
135888 838.0
135888 832.0
135863 776.0
135863 762.0
135863 799.0
135860 919.0
135845 859.0
135845 811.0
135818 803.0
135808 852.0
135787 816.0
135763 759.0
135733 767.0
135648 760.0
135636 753.0
135617 721.0
135617 678.0
135601 655.0
135601 647.0
135601 735.0
135601 706.0
135601 722.0
135601 714.0
135601 725.0
135583 885.0
135550 831.0
135542 837.0
135542 718.0
135520 672.0
135520 665.0
135520 683.0
135520 696.0
135520 738.0
135520 693.0
135520 648.0
135520 640.0
135510 683.0
135505 636.0
135437 639.0
135424 652.0
135417 660.0
135417 695.0
135417 757.0
135417 705.0
135417 694.0
135417 689.0
135397 755.0
135397 758.0
135397 804.0
135397 859.0
135363 783.0
135339 708.0
135339 711.0
135339 731.0
135326 901.0
135326 909.0
135326 676.0
135314 638.0
135314 782.0
135289 764.0
135249 936.0
135240 702.0
135208 788.0
135176 747.0
135154 749.0
135113 715.0
135113 782.0
135113 762.0
135093 822.0
135074 829.0
135039 872.0
135023 795.0
135019 739.0
135010 725.0
135001 748.0
135001 846.0
134982 773.0
134949 705.0
134931 685.0
134931 684.0
134915 697.0
134885 668.0
134885 715.0
134885 731.0
134885 749.0
134885 806.0
134885 750.0
134885 711.0
134885 763.0
134885 778.0
134858 811.0
134846 862.0
134844 860.0
134844 872.0
134844 758.0
