First MST1381 1924586.0
28 29664.0
14 13594.0
24 16604.0
14 20968.0
10 13065.0
14 20427.0
9 10911.0
49 26348.0
22 11137.0
29 10528.0
8 13641.0
41 10968.0
12 11583.0
9 11319.0
8 10868.0
34 15480.0
23 23934.0
32 12143.0
17 13668.0
24 10733.0
46 10651.0
31 11613.0
22 10521.0
46 11117.0
3 11264.0
16 10631.0
22 13160.0
13 10989.0
45 10406.0
27 13229.0
40 56728.0
13 10020.0
8 9623.0
16 28415.0
23 10049.0
13 11120.0
1 9226.0
29 23037.0
11 17873.0
6 14819.0
6 13389.0
32 53501.0
15 12281.0
36 13647.0
28 12279.0
12 17877.0
24 13006.0
33 13418.0
3 48195.0
43 13296.0
23 12119.0
35 12348.0
4 11882.0
14 11944.0
42 11973.0
4 32442.0
11 36158.0
3 9094.0
9 7753.0
21 29253.0
34 20119.0
28 8376.0
1 8886.0
23 7874.0
26 9001.0
22 22380.0
49 8147.0
37 10500.0
39 7572.0
36 21724.0
25 7383.0
49 7260.0
32 7147.0
29 7378.0
20 6878.0
23 46100.0
16 9520.0
2 7984.0
29 30659.0
14 12250.0
29 12335.0
23 13243.0
16 13291.0
45 13071.0
49 11973.0
28 14685.0
12 11156.0
14 7751.0
13 8943.0
15 23613.0
8 12187.0
42 10880.0
25 10761.0
38 10398.0
19 12472.0
29 10515.0
33 9446.0
15 15199.0
4 7977.0
39 8365.0
47 11432.0
36 8549.0
37 23465.0
47 9160.0
17 8344.0
15 13465.0
17 8385.0
5 8809.0
28 13022.0
25 8389.0
27 8489.0
16 8745.0
30 8012.0
30 9311.0
27 9748.0
26 8339.0
36 11908.0
29 7912.0
40 8237.0
31 11658.0
14 27081.0
46 8583.0
3 8263.0
29 8100.0
36 12476.0
26 26836.0
19 10114.0
24 12607.0
13 10009.0
3 8345.0
12 7755.0
39 7472.0
20 7684.0
22 7861.0
23 8003.0
34 11202.0
48 8062.0
25 9814.0
5 12892.0
13 8170.0
39 7962.0
32 8212.0
48 7748.0
31 7928.0
43 8145.0
36 9546.0
42 11365.0
9 9366.0
21 59694.0
2 15164.0
17 29441.0
29 8413.0
35 8625.0
24 31047.0
1 8589.0
33 8155.0
3 8506.0
38 9028.0
5 9245.0
41 11370.0
48 7809.0
20 43057.0
25 29821.0
19 9773.0
45 8146.0
10 7959.0
38 7928.0
49 13492.0
18 8155.0
6 8852.0
20 12592.0
11 8820.0
8 8091.0
41 9772.0
36 7854.0
35 7913.0
34 7778.0
38 7731.0
42 10725.0
22 8177.0
7 7781.0
23 10679.0
36 7702.0
3 7813.0
41 7780.0
40 9006.0
36 9566.0
41 22574.0
3 7858.0
13 11426.0
5 8421.0
26 8398.0
46 76032.0
47 9347.0
4 8249.0
19 8399.0
31 8020.0
11 8007.0
47 27868.0
15 9145.0
46 11095.0
1 7528.0
20 9735.0
11 10843.0
33 7388.0
17 7357.0
40 7921.0
35 7111.0
49 7531.0
29 7240.0
44 7313.0
38 11592.0
25 8884.0
17 7362.0
19 10923.0
32 6901.0
32 7203.0
36 7378.0
4 8183.0
45 7342.0
32 7261.0
28 8126.0
7 12440.0
49 8087.0
46 7367.0
21 10614.0
1 7360.0
42 9687.0
43 10063.0
29 6693.0
34 5536.0
2 5471.0
35 9857.0
32 59885.0
21 9110.0
14 8450.0
48 12944.0
42 9624.0
48 8538.0
6 8799.0
16 7927.0
32 8199.0
17 8339.0
2 8317.0
47 12954.0
7 8173.0
5 98848.0
2 14954.0
37 20697.0
18 9973.0
14 9767.0
37 9495.0
15 13103.0
8 11177.0
13 12290.0
7 17381.0
17 16424.0
32 9672.0
15 9370.0
21 8790.0
48 9045.0
34 9106.0
5 9223.0
2 12019.0
35 8012.0
9 9510.0
5 14801.0
47 8929.0
30 8313.0
41 8641.0
34 8600.0
3 8321.0
31 8028.0
28 9530.0
12 12715.0
3 8731.0
22 8424.0
10 29497.0
21 8560.0
42 8407.0
22 8235.0
49 8937.0
44 8120.0
45 8104.0
3 7939.0
2 12606.0
30 7842.0
19 7415.0
11 11510.0
2 7765.0
37 7438.0
48 8218.0
6 11353.0
38 15267.0
45 25000.0
24 8815.0
2 12828.0
39 8086.0
35 7096.0
44 8134.0
45 7362.0
9 8355.0
36 7964.0
20 8000.0
25 12194.0
13 7967.0
31 7903.0
46 12535.0
30 8372.0
14 7695.0
39 7553.0
13 6984.0
4 7167.0
36 7005.0
7 7262.0
14 10891.0
2 7216.0
45 7172.0
44 10847.0
34 6897.0
9 6451.0
13 6655.0
10 6904.0
24 6602.0
13 6838.0
22 6476.0
35 9156.0
43 6885.0
11 6371.0
32 10214.0
9 6652.0
20 6805.0
45 6718.0
25 7313.0
46 9813.0
43 6776.0
14 7026.0
38 10489.0
14 7679.0
24 7361.0
40 11697.0
37 7856.0
18 7460.0
35 8022.0
8 10323.0
5 8007.0
47 7782.0
32 7624.0
25 10880.0
25 6989.0
11 7606.0
23 11550.0
10 10419.0
4 7525.0
21 7565.0
36 7530.0
18 8492.0
16 7874.0
44 7944.0
28 11138.0
29 7507.0
29 6672.0
1 10250.0
7 7394.0
44 18537.0
29 6623.0
3 6672.0
16 6999.0
10 7815.0
32 7225.0
10 11735.0
46 7035.0
48 6836.0
31 6958.0
47 6970.0
38 7090.0
37 7532.0
39 6934.0
43 10992.0
44 6608.0
9 5536.0
46 10449.0
19 7066.0
4 6153.0
1 5668.0
1 5283.0
10 5185.0
37 5278.0
19 5120.0
47 9762.0
5 5493.0
23 5235.0
42 8253.0
40 5258.0
25 5357.0
4 7595.0
34 5895.0
24 6006.0
31 6385.0
26 5791.0
11 10043.0
43 5352.0
29 5193.0
49 8533.0
28 5065.0
19 13197.0
13 5271.0
15 7226.0
40 5303.0
10 4898.0
8 5034.0
31 8407.0
8 5143.0
6 5233.0
24 8063.0
12 5281.0
10 4894.0
26 6289.0
47 6225.0
32 6075.0
23 5391.0
32 5446.0
10 7999.0
18 5318.0
39 5322.0
36 8894.0
11 5619.0
46 5345.0
27 5456.0
37 5503.0
47 5324.0
14 5519.0
24 5397.0
18 9286.0
33 6484.0
13 6254.0
25 8900.0
17 5333.0
32 5012.0
18 5451.0
39 5333.0
49 5426.0
15 5124.0
26 4986.0
40 8159.0
6 5979.0
49 6538.0
4 9203.0
22 5396.0
42 5953.0
22 6017.0
18 5984.0
4 5382.0
20 5207.0
33 4911.0
23 9982.0
3 5321.0
41 5347.0
12 8526.0
4 5032.0
12 5150.0
46 5013.0
2 5030.0
49 5090.0
15 5488.0
6 4920.0
38 8164.0
1 5207.0
15 4934.0
46 6027.0
22 6006.0
36 15987.0
10 7413.0
35 7160.0
16 10563.0
37 6642.0
19 5834.0
43 10160.0
23 5796.0
4 5505.0
35 5730.0
30 5595.0
21 5739.0
12 5838.0
34 5680.0
46 8870.0
21 5546.0
22 5393.0
9 9950.0
28 5386.0
29 5161.0
47 5582.0
37 5821.0
28 5689.0
14 5320.0
42 5730.0
24 9469.0
37 5678.0
22 5548.0
42 8080.0
17 5484.0
28 6088.0
9 5593.0
21 6169.0
21 8701.0
3 5870.0
41 5811.0
30 8475.0
38 5388.0
18 19441.0
2 45869.0
49 24958.0
13 9883.0
20 8277.0
15 10161.0
49 11315.0
26 6634.0
49 7689.0
19 10898.0
37 6296.0
36 6079.0
45 6195.0
46 5907.0
38 5691.0
43 5711.0
34 5243.0
18 8900.0
17 5677.0
2 5871.0
29 8863.0
27 5583.0
41 6231.0
40 5448.0
22 8385.0
19 9804.0
34 6283.0
3 6044.0
11 9426.0
23 5607.0
2 6874.0
38 6538.0
35 35013.0
7 7184.0
21 6432.0
7 5997.0
47 9920.0
48 6374.0
29 5736.0
8 10696.0
18 6224.0
18 6175.0
7 6133.0
6 5630.0
42 7238.0
5 6444.0
38 6482.0
41 12200.0
5 6817.0
27 6260.0
35 10067.0
25 6654.0
41 6719.0
34 6596.0
21 6635.0
40 5739.0
40 5531.0
16 5979.0
36 10054.0
40 6442.0
41 6283.0
31 10302.0
47 9193.0
31 6406.0
30 6026.0
5 6046.0
44 6352.0
9 6321.0
2 6647.0
2 9825.0
9 5669.0
25 5882.0
34 9044.0
6 5737.0
34 5556.0
2 6828.0
22 6161.0
47 5611.0
36 5748.0
48 5912.0
24 19346.0
19 6244.0
18 7006.0
41 10310.0
11 7264.0
5 7250.0
29 5994.0
11 5616.0
31 5650.0
1 6209.0
41 5769.0
25 9715.0
35 5737.0
4 5468.0
10 5649.0
15 5536.0
42 5342.0
6 5574.0
28 5488.0
4 6010.0
1 6009.0
45 5676.0
29 8892.0
11 7881.0
36 5304.0
37 9658.0
22 6153.0
3 5491.0
19 12235.0
4 8223.0
27 6881.0
27 6860.0
28 7554.0
22 11065.0
22 6786.0
19 5885.0
1 7142.0
14 6190.0
40 6177.0
7 6482.0
48 5558.0
13 5249.0
39 5105.0
16 4841.0
24 8375.0
9 5995.0
16 4930.0
2 4968.0
21 17035.0
8 28762.0
48 14003.0
49 10021.0
44 14424.0
15 8122.0
25 30676.0
19 12475.0
1 6784.0
13 6428.0
3 7399.0
37 6402.0
36 6976.0
8 6532.0
27 6027.0
40 11284.0
31 6215.0
28 4835.0
48 8360.0
8 6094.0
4 10032.0
27 6234.0
48 6457.0
4 6350.0
46 6511.0
37 6312.0
35 10319.0
13 6053.0
33 6129.0
45 10910.0
16 6601.0
14 5817.0
35 6055.0
40 5421.0
2 5455.0
4 5766.0
48 5571.0
29 9013.0
15 9114.0
7 6297.0
41 9520.0
1 5669.0
26 5160.0
10 6127.0
37 5647.0
43 5435.0
3 6108.0
12 5330.0
17 24120.0
33 5385.0
12 6411.0
5 8259.0
37 5427.0
33 9985.0
48 6874.0
48 5958.0
41 6143.0
7 5808.0
49 5646.0
3 9252.0
5 5164.0
43 5322.0
24 8420.0
33 5307.0
44 6110.0
36 5935.0
6 5470.0
31 9619.0
49 5989.0
12 5774.0
40 9579.0
7 5623.0
44 5885.0
32 10888.0
32 6007.0
34 6354.0
13 6794.0
27 5806.0
31 9403.0
21 5710.0
32 5410.0
34 44775.0
10 6090.0
1 6062.0
8 6044.0
14 5886.0
44 6326.0
39 6324.0
35 6459.0
30 9707.0
45 5379.0
46 5494.0
11 8496.0
4 5198.0
34 4885.0
19 5460.0
13 5088.0
42 5280.0
19 4854.0
18 4819.0
6 7540.0
42 4977.0
30 5398.0
14 9132.0
12 4980.0
27 5352.0
15 5094.0
27 4765.0
42 6607.0
42 4779.0
43 5590.0
13 10617.0
46 5974.0
30 6219.0
38 9117.0
26 6245.0
27 6239.0
49 5957.0
47 5257.0
7 8915.0
47 5472.0
35 6103.0
8 8685.0
45 5315.0
38 7394.0
39 5477.0
18 5198.0
26 5075.0
23 7410.0
14 6530.0
6 10183.0
31 5865.0
19 6021.0
16 9180.0
38 5689.0
40 5739.0
49 5988.0
43 5884.0
40 6049.0
35 5601.0
24 5970.0
37 9175.0
33 5805.0
38 5559.0
40 5813.0
11 5626.0
35 5820.0
39 5434.0
15 5358.0
7 8129.0
48 4898.0
36 4397.0
14 7754.0
46 5080.0
45 5505.0
40 5354.0
48 5148.0
40 5626.0
39 5938.0
3 5917.0
29 10304.0
39 5731.0
18 5578.0
29 5928.0
2 42281.0
23 6777.0
48 6153.0
20 9192.0
22 9812.0
30 5959.0
18 5720.0
14 9857.0
48 5884.0
17 6112.0
30 5768.0
45 5257.0
16 10048.0
10 5846.0
6 5872.0
42 8705.0
17 26515.0
32 5785.0
9 5596.0
3 5028.0
9 4842.0
17 5094.0
41 5423.0
11 8435.0
23 5134.0
28 5221.0
30 5366.0
49 5610.0
46 6337.0
29 5725.0
4 5479.0
37 8583.0
32 5005.0
22 4679.0
47 32591.0
22 5660.0
22 5211.0
17 5480.0
3 4956.0
1 5993.0
13 5072.0
2 5053.0
39 8753.0
39 5239.0
8 5080.0
39 4976.0
44 4899.0
45 4764.0
26 4800.0
12 4686.0
25 7633.0
1 4780.0
18 4461.0
26 7977.0
3 4987.0
12 7159.0
44 4925.0
40 4986.0
24 5167.0
34 5058.0
24 5122.0
45 8423.0
13 5384.0
28 5061.0
16 5484.0
24 6047.0
13 4860.0
24 25969.0
48 5123.0
31 8562.0
44 4856.0
42 4789.0
17 7814.0
1 4855.0
48 5296.0
39 5124.0
5 4932.0
2 5013.0
15 5722.0
4 5444.0
37 9247.0
21 5349.0
30 5844.0
35 5577.0
10 5379.0
16 5629.0
27 5825.0
27 5361.0
28 8717.0
9 5179.0
42 5136.0
41 7722.0
48 7421.0
13 5499.0
39 7079.0
42 4830.0
19 5200.0
37 4680.0
33 118799.0
34 11387.0
28 4909.0
22 4727.0
43 4086.0
12 4119.0
13 4096.0
45 4094.0
14 4298.0
22 8494.0
19 4495.0
37 4146.0
25 7593.0
9 4588.0
6 4210.0
4 4387.0
42 4127.0
12 4153.0
48 3820.0
32 3523.0
13 6575.0
28 3935.0
33 4014.0
10 7283.0
29 3960.0
45 3803.0
32 4240.0
38 4092.0
9 6881.0
7 4323.0
5 4010.0
43 6757.0
18 3937.0
29 3534.0
21 3994.0
36 3503.0
36 3578.0
45 3771.0
36 3540.0
31 6520.0
16 4444.0
12 3588.0
31 3789.0
16 3975.0
6 3894.0
45 4585.0
39 3824.0
44 7201.0
44 5226.0
18 4530.0
1 7712.0
32 3800.0
24 3511.0
13 3663.0
14 3383.0
12 3478.0
46 4552.0
49 5363.0
1 6997.0
20 3678.0
34 5695.0
26 8196.0
41 3771.0
4 4009.0
15 4037.0
14 3624.0
9 3453.0
38 6283.0
31 5469.0
12 7313.0
39 3671.0
45 3669.0
26 3822.0
7 3756.0
18 3793.0
13 3846.0
21 3842.0
22 7371.0
8 3940.0
40 4274.0
8 7307.0
27 3975.0
2 3622.0
41 3709.0
1 3560.0
10 3484.0
34 3600.0
37 3466.0
21 6850.0
15 4226.0
39 4196.0
45 7394.0
23 4031.0
42 3781.0
23 3691.0
12 4167.0
22 4265.0
48 4155.0
27 4001.0
12 7293.0
42 4125.0
