First MST14537 1.115496E7
28 64187.0
14 8779.0
24 7557.0
14 9168.0
10 7848.0
14 12473.0
9 7852.0
49 9811.0
22 9296.0
29 8002.0
8 9683.0
41 9471.0
12 14439.0
9 9831.0
8 8786.0
34 9266.0
23 10966.0
32 16184.0
17 9283.0
24 9997.0
46 10255.0
31 9659.0
22 13136.0
46 10041.0
3 22426.0
16 9704.0
22 9110.0
13 10126.0
45 9000.0
27 14311.0
40 15572.0
13 9959.0
8 9005.0
16 31459.0
23 13777.0
13 26985.0
1 9613.0
29 9405.0
11 10958.0
11 12511.0
9 9564.0
6 9281.0
4 8503.0
44 8494.0
22 8260.0
49 8524.0
9 10956.0
10 8018.0
48 9593.0
39 8401.0
18 8487.0
21 12408.0
2 8966.0
1 8994.0
47 10514.0
19 7317.0
35 10233.0
34 7201.0
42 10570.0
25 7422.0
31 12295.0
32 7472.0
11 7747.0
33 10392.0
11 7638.0
34 11433.0
36 6713.0
30 5819.0
46 6183.0
47 5593.0
49 8393.0
12 6211.0
37 7686.0
10 6916.0
25 6604.0
3 35267.0
31 7958.0
26 11323.0
45 6232.0
8 5965.0
42 6684.0
1 6276.0
20 9504.0
36 10253.0
3 6998.0
5 6912.0
41 6479.0
29 6758.0
1 19189.0
10 9788.0
25 7166.0
35 6837.0
32 5669.0
18 6848.0
24 10858.0
42 7055.0
11 10077.0
26 7007.0
17 7249.0
47 6790.0
8 7299.0
7 10421.0
39 9124.0
42 21395.0
9 17094.0
7 8401.0
42 10755.0
43 9132.0
49 6809.0
2 7189.0
12 9061.0
13 10063.0
20 6729.0
2 9809.0
24 5967.0
39 5993.0
21 5779.0
19 5962.0
43 8282.0
41 5723.0
14 6351.0
36 6104.0
9 6086.0
30 9475.0
42 6418.0
25 17227.0
20 7518.0
34 8586.0
32 6783.0
1 6656.0
12 10159.0
42 9023.0
17 6547.0
27 6678.0
35 7139.0
43 10426.0
18 6346.0
33 8704.0
23 5209.0
29 5302.0
30 5299.0
42 5291.0
18 8107.0
22 5318.0
22 5416.0
28 6958.0
20 5298.0
7 7840.0
27 5817.0
16 4886.0
1 5336.0
41 7850.0
14 7696.0
48 5277.0
40 5414.0
18 5391.0
11 6180.0
9 8959.0
16 5645.0
4 5834.0
6 5345.0
40 5401.0
19 8139.0
48 5258.0
13 7712.0
12 5239.0
21 24400.0
14 6159.0
12 6569.0
16 9311.0
35 5276.0
17 5467.0
28 5487.0
28 5122.0
46 9413.0
30 5569.0
15 7561.0
21 5595.0
13 5713.0
8 9168.0
48 5305.0
13 11137.0
24 6562.0
14 5916.0
37 5944.0
36 6595.0
35 9656.0
14 7433.0
11 5957.0
29 5979.0
21 6115.0
11 8973.0
12 6051.0
46 8488.0
21 5915.0
9 7245.0
41 6074.0
20 6299.0
9 9357.0
48 6945.0
18 6021.0
3 6949.0
2 5909.0
19 8857.0
8 5725.0
43 9668.0
35 6009.0
25 6078.0
18 6822.0
49 6128.0
29 8931.0
44 6260.0
38 6102.0
25 16824.0
17 5929.0
19 9778.0
32 6120.0
32 6210.0
36 6857.0
4 5874.0
45 8853.0
32 5371.0
28 8600.0
7 5640.0
49 5617.0
46 5663.0
21 5725.0
1 8134.0
42 5614.0
43 5649.0
29 5729.0
34 6162.0
2 9414.0
35 14459.0
32 21213.0
21 7553.0
14 6511.0
48 9369.0
42 6086.0
48 9522.0
6 6171.0
16 6203.0
32 6343.0
17 5910.0
2 43106.0
47 5967.0
7 5571.0
5 5808.0
2 5915.0
37 8986.0
18 5845.0
14 10203.0
37 6018.0
15 7908.0
8 43146.0
13 8570.0
7 10014.0
17 17224.0
32 7698.0
15 6249.0
21 5798.0
48 8694.0
34 5740.0
5 5511.0
2 7176.0
35 5535.0
9 5536.0
5 5686.0
47 8143.0
30 5637.0
41 5151.0
34 5251.0
3 5340.0
31 8553.0
28 5409.0
12 5466.0
3 5169.0
22 5627.0
10 5386.0
21 5686.0
42 8778.0
22 5828.0
49 5518.0
44 5854.0
45 5597.0
3 8175.0
2 5806.0
30 5728.0
19 5425.0
11 5301.0
2 8216.0
37 5381.0
48 4804.0
6 5380.0
38 5006.0
45 7382.0
24 5364.0
2 7545.0
39 5139.0
35 4951.0
44 5059.0
45 5432.0
9 7220.0
36 4868.0
20 5119.0
25 5280.0
13 4677.0
31 7513.0
46 5281.0
30 7446.0
14 4837.0
39 4724.0
13 5476.0
4 5714.0
36 8327.0
7 5200.0
14 5645.0
2 5290.0
45 5920.0
44 5484.0
34 5202.0
9 7947.0
13 4879.0
10 5502.0
24 5411.0
13 5375.0
22 8372.0
35 5024.0
43 5298.0
11 7667.0
32 5719.0
9 8277.0
20 5566.0
45 5365.0
25 6658.0
46 5350.0
43 7738.0
14 4887.0
38 7601.0
14 5252.0
24 5158.0
40 5466.0
37 5073.0
18 7338.0
35 5065.0
8 5038.0
5 4966.0
47 4940.0
32 7326.0
25 4884.0
25 5013.0
11 5066.0
23 4803.0
10 7590.0
4 4742.0
21 5021.0
36 5152.0
18 4845.0
16 7189.0
44 4967.0
28 7996.0
29 4807.0
29 4557.0
1 4703.0
7 4635.0
44 7200.0
29 4948.0
3 4832.0
16 5046.0
10 5178.0
32 7402.0
10 4766.0
46 4522.0
48 4661.0
31 4530.0
47 7264.0
38 4697.0
37 5153.0
39 4456.0
43 4646.0
44 4643.0
9 6881.0
46 14694.0
19 6215.0
4 4893.0
1 4955.0
1 5024.0
10 7619.0
37 5000.0
19 5322.0
47 4784.0
5 5455.0
23 5297.0
42 5330.0
40 7664.0
25 5463.0
4 5044.0
34 5530.0
24 5288.0
31 7639.0
26 5362.0
11 5176.0
43 5204.0
29 4772.0
49 7718.0
28 4791.0
19 4425.0
13 4642.0
15 4790.0
40 8637.0
10 5426.0
8 7726.0
31 4842.0
8 4675.0
6 4810.0
24 5135.0
12 6899.0
10 4654.0
26 4629.0
47 4761.0
32 4653.0
23 7210.0
32 5199.0
10 5194.0
18 4967.0
39 4725.0
36 5140.0
11 4585.0
46 9102.0
27 6054.0
37 5041.0
47 4732.0
14 4309.0
24 7253.0
18 4772.0
33 4565.0
13 4597.0
25 4717.0
17 6836.0
32 4233.0
18 6587.0
39 4286.0
49 4676.0
15 4648.0
26 4460.0
40 7278.0
6 4645.0
49 4218.0
4 4416.0
22 4647.0
42 4397.0
22 4730.0
18 8147.0
4 4653.0
20 4357.0
33 4496.0
23 4311.0
3 6953.0
41 4476.0
12 6991.0
4 4364.0
12 4863.0
46 5057.0
2 4572.0
49 7043.0
15 5027.0
6 4412.0
38 4525.0
1 4400.0
15 6749.0
46 4763.0
22 5070.0
36 4737.0
10 4526.0
35 7028.0
16 4652.0
37 7056.0
19 4528.0
43 4402.0
23 4807.0
4 4631.0
35 7108.0
30 4506.0
21 4521.0
12 4357.0
34 4460.0
46 6818.0
21 4445.0
22 6995.0
9 4768.0
28 4573.0
30 4913.0
21 4342.0
29 6618.0
27 4490.0
41 4592.0
1 5023.0
34 5506.0
21 5149.0
27 5362.0
43 8071.0
14 5335.0
47 5592.0
15 5294.0
39 5143.0
15 8094.0
25 7152.0
45 5463.0
4 5194.0
45 4777.0
20 9515.0
9 14186.0
15 42411.0
48 5965.0
42 5547.0
18 5512.0
18 5331.0
33 8517.0
19 5354.0
13 5383.0
11 8065.0
7 5664.0
33 8822.0
22 5559.0
35 5220.0
40 5212.0
18 5078.0
9 8079.0
33 5148.0
34 5270.0
26 5888.0
45 4964.0
33 7733.0
42 5129.0
10 7684.0
22 5001.0
23 5026.0
29 5492.0
5 5005.0
8 7852.0
16 4699.0
29 4663.0
19 14944.0
29 5251.0
32 8018.0
21 4874.0
7 4805.0
6 4960.0
21 4635.0
16 7766.0
43 4930.0
36 5102.0
16 4726.0
26 4337.0
8 10612.0
44 6656.0
48 9430.0
23 5303.0
33 5061.0
25 54542.0
42 5555.0
19 9182.0
43 5107.0
25 5668.0
19 5568.0
22 5495.0
4 8962.0
15 5526.0
5 21363.0
14 5760.0
28 5259.0
5 5392.0
16 5107.0
19 8936.0
30 5702.0
35 5396.0
12 5417.0
42 5485.0
24 8729.0
36 5492.0
29 5429.0
45 5503.0
39 5345.0
45 5522.0
36 18126.0
33 9363.0
26 5569.0
22 5771.0
14 5728.0
5 5445.0
1 9422.0
41 5648.0
6 8388.0
3 5622.0
8 5389.0
30 7445.0
10 5650.0
21 8661.0
18 6176.0
34 5921.0
40 5539.0
31 5351.0
4 5553.0
21 5068.0
11 9246.0
36 93956.0
40 121174.0
39 5982.0
27 16892.0
18 17845.0
38 4524.0
46 4382.0
26 4191.0
47 4002.0
30 7511.0
27 3549.0
18 7171.0
8 3803.0
11 3819.0
24 3862.0
45 3541.0
1 6840.0
16 3720.0
29 7240.0
26 3780.0
40 3715.0
20 4164.0
3 4026.0
35 6982.0
29 4047.0
2 3851.0
34 3725.0
38 3654.0
47 6228.0
39 3753.0
38 3652.0
31 3895.0
8 3909.0
49 31383.0
42 7061.0
8 7630.0
26 4030.0
24 3938.0
8 5860.0
36 3752.0
15 7177.0
39 3581.0
27 3294.0
46 3187.0
15 4024.0
34 6475.0
45 3578.0
34 3128.0
25 5023.0
42 4789.0
28 8743.0
30 4601.0
3 10074.0
1 4744.0
42 4112.0
13 3877.0
2 3702.0
47 6790.0
3 3815.0
26 3760.0
34 3345.0
17 3483.0
27 6622.0
44 3529.0
17 3434.0
2 6163.0
45 3526.0
42 29255.0
47 3180.0
43 5961.0
23 3346.0
3 4227.0
16 3490.0
2 3494.0
28 6071.0
23 3460.0
22 3603.0
7 3828.0
7 3503.0
42 6530.0
17 3541.0
6 3083.0
28 3178.0
1 3507.0
43 6677.0
35 3383.0
39 2880.0
22 3266.0
16 3180.0
4 5956.0
23 2970.0
2 5455.0
15 4831.0
5 5151.0
49 4219.0
10 3270.0
3 5775.0
39 3467.0
3 3149.0
36 5784.0
29 3520.0
32 6599.0
34 3604.0
38 4329.0
13 4798.0
30 3664.0
22 6862.0
30 3455.0
31 6078.0
37 4648.0
24 3558.0
40 3246.0
30 3047.0
13 6485.0
2 3745.0
48 5359.0
11 3999.0
27 2788.0
27 6186.0
19 3345.0
47 6188.0
34 4896.0
16 3742.0
43 6331.0
49 3194.0
20 3405.0
14 3195.0
15 3016.0
39 5839.0
23 3126.0
23 5497.0
18 3126.0
49 3157.0
32 3289.0
31 3434.0
32 5728.0
32 3211.0
16 5308.0
43 3114.0
25 3076.0
27 3566.0
42 2929.0
42 5482.0
43 3077.0
13 3015.0
46 3134.0
30 3430.0
38 5816.0
26 3458.0
27 5600.0
49 3735.0
47 3913.0
7 6154.0
47 3041.0
35 5841.0
8 3055.0
45 2885.0
38 3437.0
39 3262.0
18 6120.0
26 3399.0
23 3590.0
14 27029.0
6 10034.0
31 19336.0
19 11201.0
16 8431.0
38 3626.0
40 3610.0
49 3807.0
43 3474.0
40 6520.0
35 3520.0
24 3263.0
37 3517.0
33 3147.0
38 6048.0
40 3263.0
11 16575.0
35 3443.0
39 3306.0
15 3645.0
7 3112.0
48 6860.0
36 3667.0
14 3311.0
46 3231.0
45 3481.0
40 6323.0
48 4170.0
40 3854.0
39 3658.0
3 2991.0
29 7161.0
39 6859.0
18 3623.0
29 11619.0
2 4055.0
23 7879.0
48 4096.0
20 4004.0
22 4042.0
30 3904.0
18 6979.0
14 3849.0
48 6144.0
17 3248.0
30 3447.0
45 3317.0
16 3578.0
10 6493.0
6 3880.0
42 3736.0
17 3648.0
32 3642.0
9 19788.0
3 14434.0
9 18665.0
17 9011.0
41 4290.0
11 7896.0
23 3625.0
28 4142.0
30 10720.0
49 9500.0
46 3660.0
29 10966.0
4 25200.0
37 9935.0
32 7370.0
22 12560.0
47 3538.0
22 6800.0
2 3939.0
7 3503.0
32 19040.0
44 7790.0
10 11175.0
25 3201.0
23 6041.0
39 3151.0
39 3199.0
36 3491.0
43 3241.0
26 6024.0
30 8860.0
41 3360.0
13 8172.0
43 29246.0
3 7711.0
37 3884.0
42 3355.0
1 3603.0
37 3339.0
4 17315.0
6 3854.0
12 5671.0
16 4070.0
26 7682.0
16 4168.0
4 3474.0
13 6705.0
29 3627.0
1 3519.0
30 11423.0
47 3610.0
28 7428.0
41 3613.0
7 3369.0
34 3751.0
46 3417.0
15 7126.0
41 3904.0
20 3740.0
5 3450.0
28 3041.0
18 5462.0
41 3253.0
49 5713.0
45 3929.0
13 3227.0
37 2949.0
26 3352.0
16 5955.0
4 3240.0
32 2999.0
3 2969.0
31 3031.0
38 5316.0
43 3243.0
5 6975.0
16 3505.0
20 2998.0
19 5221.0
44 2944.0
26 5714.0
26 3144.0
21 3167.0
44 3265.0
19 3223.0
17 5456.0
43 3102.0
16 3055.0
29 3125.0
48 3007.0
10 5772.0
24 3153.0
25 5520.0
14 3509.0
8 2908.0
25 3288.0
1 2713.0
42 5501.0
12 2941.0
48 2993.0
32 3030.0
13 2925.0
28 5562.0
33 2916.0
10 5328.0
29 3474.0
45 2895.0
32 5555.0
38 2928.0
9 5098.0
7 3076.0
5 2909.0
43 2825.0
18 2974.0
29 5287.0
21 2959.0
36 3309.0
36 3065.0
45 3285.0
36 3161.0
31 2826.0
16 5821.0
12 3088.0
31 2911.0
16 3321.0
6 3604.0
45 6567.0
39 3240.0
44 3175.0
44 3065.0
18 3173.0
1 6244.0
32 3122.0
24 2877.0
13 2772.0
14 2734.0
12 2934.0
46 3160.0
49 5818.0
1 2949.0
20 2886.0
34 2958.0
26 3360.0
41 5914.0
4 3194.0
15 2929.0
14 2979.0
9 3656.0
38 7008.0
31 3225.0
12 6196.0
39 3382.0
45 3163.0
26 3075.0
7 3212.0
18 5420.0
13 3457.0
21 3029.0
22 2938.0
8 2946.0
40 5448.0
8 2883.0
27 3083.0
2 2876.0
41 2923.0
1 5313.0
10 2855.0
34 5227.0
37 3114.0
21 3121.0
15 2908.0
39 3042.0
45 6965.0
23 3362.0
42 3551.0
23 3309.0
12 2808.0
22 5520.0
48 3008.0
27 5467.0
