First MST116898 1.36895121E8
28 128456.0
14 4175.0
24 2884.0
14 3028.0
10 1753.0
14 1654.0
9 1838.0
49 1560.0
22 1687.0
29 1334.0
8 1297.0
41 1609.0
12 1623.0
9 1417.0
8 1536.0
34 1506.0
23 1444.0
32 1435.0
17 1677.0
24 1432.0
46 1517.0
31 1481.0
22 1569.0
46 1593.0
3 1400.0
16 1640.0
22 1414.0
13 1448.0
45 1371.0
27 1507.0
40 1382.0
13 1767.0
8 1656.0
16 1722.0
23 1588.0
13 1761.0
1 1402.0
29 1312.0
11 1292.0
11 1325.0
9 1430.0
6 1400.0
4 1377.0
44 1555.0
22 1447.0
49 1530.0
9 1740.0
10 1505.0
48 1381.0
39 1258.0
18 1477.0
21 1311.0
2 1379.0
1 1461.0
47 1494.0
19 1494.0
35 1487.0
34 1426.0
42 1362.0
25 1560.0
31 1354.0
32 1404.0
11 1679.0
33 1496.0
11 1426.0
34 1305.0
36 1427.0
30 1156.0
46 1718.0
47 1629.0
49 1463.0
12 1392.0
37 1975.0
10 1403.0
25 1499.0
3 1558.0
31 1351.0
26 1472.0
45 1486.0
8 1299.0
42 1254.0
1 1435.0
20 1577.0
36 1266.0
3 1379.0
5 1350.0
41 1231.0
29 1323.0
1 1467.0
10 1621.0
25 1592.0
35 1398.0
32 1240.0
18 1412.0
24 1433.0
42 1418.0
11 1369.0
26 1402.0
17 1352.0
47 1490.0
8 1447.0
7 1531.0
39 1322.0
42 1378.0
9 1366.0
7 1345.0
42 1387.0
43 1513.0
49 1374.0
2 1402.0
12 1503.0
13 1403.0
20 1287.0
2 1295.0
24 1442.0
39 1298.0
21 1674.0
19 1518.0
43 1291.0
41 1437.0
14 1393.0
36 1689.0
9 1408.0
30 1394.0
42 1543.0
25 1519.0
20 1895.0
34 2140.0
32 1651.0
1 1536.0
12 1404.0
42 1845.0
17 1605.0
27 1534.0
35 1846.0
43 1488.0
18 1409.0
33 1535.0
23 1443.0
29 1884.0
30 1403.0
42 1500.0
18 1725.0
22 1387.0
22 1651.0
28 1946.0
20 1775.0
7 1631.0
27 1457.0
16 1518.0
1 1391.0
41 1283.0
14 1270.0
48 9287.0
40 2646.0
18 2339.0
11 3110.0
9 2796.0
16 2976.0
4 2506.0
6 3235.0
40 2566.0
19 2668.0
48 2709.0
13 2906.0
12 2740.0
21 2632.0
14 2524.0
12 2746.0
16 2499.0
35 2880.0
17 2823.0
28 2657.0
28 2502.0
46 2384.0
30 2557.0
15 2480.0
21 2960.0
13 2512.0
8 2446.0
48 2931.0
13 2691.0
24 2630.0
14 2590.0
37 3122.0
36 2560.0
35 2840.0
14 3702.0
11 2827.0
29 3420.0
21 3061.0
11 2516.0
12 2581.0
46 2372.0
21 2512.0
9 3471.0
41 2672.0
20 2482.0
9 2621.0
48 2698.0
18 3016.0
3 2821.0
2 2514.0
19 14842.0
8 3290.0
43 2978.0
35 2377.0
25 2156.0
18 1889.0
49 2076.0
29 2368.0
44 2108.0
38 2009.0
25 2124.0
17 2014.0
19 2022.0
32 1864.0
32 2016.0
36 2020.0
4 2010.0
45 1922.0
32 1993.0
28 1893.0
7 1958.0
49 2064.0
46 2300.0
21 2424.0
1 2260.0
42 2645.0
43 2644.0
29 2294.0
34 1993.0
2 2101.0
35 2103.0
32 1908.0
21 2014.0
14 1930.0
48 2134.0
42 2224.0
48 2133.0
6 1906.0
16 2040.0
32 2306.0
17 2563.0
2 2113.0
47 1806.0
7 2145.0
5 1764.0
2 2028.0
37 2420.0
18 2195.0
14 2121.0
37 2013.0
15 1975.0
8 2761.0
13 3629.0
7 2217.0
17 2669.0
32 2678.0
15 2584.0
21 2225.0
48 1930.0
34 2034.0
5 1996.0
2 2184.0
35 2168.0
9 1951.0
5 1887.0
47 2016.0
30 2036.0
41 2211.0
34 2350.0
3 2255.0
31 1834.0
28 2063.0
12 1926.0
3 2335.0
22 1979.0
10 2154.0
21 1990.0
42 2076.0
22 1990.0
49 1904.0
44 2232.0
45 1926.0
3 2132.0
2 2481.0
30 2014.0
19 2137.0
11 2101.0
2 2502.0
37 2005.0
48 2797.0
6 2811.0
38 2745.0
45 2662.0
24 2150.0
2 2069.0
39 2086.0
35 1789.0
44 1817.0
45 2228.0
9 2203.0
36 1984.0
20 2009.0
25 2001.0
13 1841.0
31 2007.0
46 2111.0
30 2019.0
14 2468.0
39 1864.0
13 1964.0
4 2019.0
36 2087.0
7 2025.0
14 1900.0
2 2072.0
45 2882.0
44 2488.0
34 1990.0
9 1873.0
13 2135.0
10 1944.0
24 2205.0
13 1882.0
22 1912.0
35 2330.0
43 2897.0
11 2698.0
32 2561.0
9 2721.0
20 2411.0
45 1968.0
25 2056.0
46 2765.0
43 2116.0
14 2164.0
38 2159.0
14 1864.0
24 1911.0
40 2209.0
37 2081.0
18 1919.0
35 1845.0
8 1952.0
5 1936.0
47 2019.0
32 2082.0
25 1878.0
25 2691.0
11 1993.0
23 1889.0
10 4202.0
4 2176.0
21 1946.0
36 1816.0
18 1887.0
16 1776.0
44 1842.0
28 1908.0
29 2074.0
29 1793.0
1 2133.0
7 1941.0
44 2011.0
29 2047.0
3 2345.0
16 2019.0
10 2284.0
32 2562.0
10 2400.0
46 2637.0
48 2408.0
31 1936.0
47 1991.0
38 2138.0
37 2080.0
39 1910.0
43 2036.0
44 2241.0
9 1920.0
46 3143.0
19 3058.0
4 2064.0
1 1924.0
1 1930.0
10 2071.0
37 2014.0
19 1991.0
47 1715.0
5 1981.0
23 2057.0
42 2358.0
40 1968.0
25 2039.0
4 2012.0
34 2118.0
24 1767.0
31 1849.0
26 1792.0
11 1859.0
43 2035.0
29 1946.0
49 1868.0
28 1860.0
19 2397.0
13 2024.0
15 2186.0
40 2399.0
10 2363.0
8 2383.0
31 2244.0
8 1257.0
6 1410.0
24 4695.0
12 3070.0
10 2380.0
26 2097.0
47 2249.0
32 2427.0
23 2077.0
32 1942.0
10 2258.0
18 2184.0
39 1988.0
36 2034.0
11 1910.0
46 2203.0
27 2213.0
37 2015.0
47 2084.0
14 1749.0
24 1683.0
18 2115.0
33 2099.0
13 2073.0
25 1993.0
17 1976.0
32 1798.0
18 2100.0
39 2053.0
49 2239.0
15 2658.0
26 2168.0
40 2054.0
6 2060.0
49 2045.0
4 1960.0
22 1863.0
42 2020.0
22 2209.0
18 2003.0
4 2234.0
20 1993.0
33 1922.0
23 1908.0
3 2032.0
41 2173.0
12 2780.0
4 2599.0
12 2472.0
46 2128.0
2 2111.0
49 2215.0
15 1988.0
6 1999.0
38 1818.0
1 1933.0
15 1787.0
46 1996.0
22 2250.0
36 2095.0
10 1938.0
35 2013.0
16 2127.0
37 1975.0
19 2039.0
43 2211.0
23 1941.0
4 1933.0
35 2750.0
30 2123.0
21 2128.0
12 2027.0
34 2030.0
46 2036.0
21 2000.0
22 2013.0
9 2112.0
28 2347.0
30 2494.0
21 2067.0
29 1944.0
27 1838.0
41 2004.0
1 1981.0
34 1951.0
21 1991.0
27 1998.0
43 2122.0
14 1973.0
47 2695.0
15 2067.0
39 2162.0
15 2227.0
25 2463.0
45 2332.0
4 2283.0
45 2656.0
20 2936.0
9 9903.0
15 2758.0
48 2501.0
42 2281.0
18 1960.0
18 2063.0
33 1975.0
19 1933.0
13 2518.0
11 2636.0
7 1879.0
33 1934.0
22 1932.0
35 2637.0
40 2205.0
18 2178.0
9 2336.0
33 2512.0
34 2592.0
26 2571.0
45 2499.0
33 2361.0
42 2480.0
10 2120.0
22 1909.0
23 2079.0
29 2000.0
5 2079.0
8 1933.0
16 1945.0
29 2233.0
19 1896.0
29 1891.0
32 1957.0
21 1874.0
7 1996.0
6 2169.0
21 2153.0
16 2231.0
43 1969.0
36 2039.0
16 2207.0
26 2135.0
8 1992.0
44 2225.0
48 1962.0
23 2005.0
33 1879.0
25 2022.0
42 2101.0
19 1839.0
43 1987.0
25 2104.0
19 1978.0
22 2024.0
4 1912.0
15 2058.0
5 2050.0
14 2107.0
28 2246.0
5 1970.0
16 2035.0
19 2359.0
30 2780.0
35 2378.0
12 3343.0
42 2109.0
24 2200.0
36 2031.0
29 2292.0
45 1843.0
39 1999.0
45 2631.0
36 1944.0
33 1956.0
26 1869.0
22 2262.0
14 1771.0
5 2134.0
1 2002.0
41 1988.0
6 1883.0
3 1914.0
8 2015.0
30 2635.0
10 2137.0
21 2118.0
18 1982.0
34 2286.0
40 1896.0
31 2048.0
4 2028.0
21 2275.0
11 1941.0
36 1678.0
40 2182.0
39 2123.0
27 1949.0
18 1937.0
38 1880.0
46 1846.0
26 1873.0
47 2029.0
30 1977.0
27 1904.0
18 2138.0
8 1928.0
11 2164.0
24 2577.0
45 2475.0
1 2376.0
16 2350.0
29 1881.0
26 2566.0
40 2280.0
20 2092.0
3 1936.0
35 1722.0
29 1874.0
2 1921.0
34 1951.0
38 1946.0
47 1757.0
39 1739.0
38 1955.0
31 2116.0
8 1949.0
49 11509.0
42 4122.0
8 2712.0
26 2232.0
24 2683.0
8 2016.0
36 2160.0
15 2197.0
39 2083.0
27 2179.0
46 2198.0
15 2451.0
34 2023.0
45 2142.0
34 13261.0
25 6860.0
42 3457.0
28 2414.0
30 2596.0
3 2165.0
1 2257.0
42 2130.0
13 2187.0
2 2112.0
47 1967.0
3 2239.0
26 2245.0
34 2056.0
17 2102.0
27 2080.0
44 2126.0
17 1965.0
2 1883.0
45 1644.0
42 1954.0
47 1795.0
43 1982.0
23 2054.0
3 1931.0
16 1896.0
2 1961.0
28 2106.0
23 1938.0
22 1976.0
7 2116.0
7 1859.0
42 1798.0
17 1963.0
6 1890.0
28 1748.0
1 2021.0
43 1873.0
35 2025.0
39 1623.0
22 1887.0
16 1749.0
4 1749.0
23 1946.0
2 1985.0
15 1862.0
5 1727.0
49 1948.0
10 2634.0
3 1985.0
39 1980.0
3 1874.0
36 1949.0
29 1931.0
32 1834.0
34 2102.0
38 3442.0
13 2269.0
30 2061.0
22 2522.0
30 2611.0
31 2389.0
37 2281.0
24 2555.0
40 2078.0
30 2070.0
13 1695.0
2 1873.0
48 1852.0
11 1957.0
27 1907.0
27 1668.0
19 1651.0
47 2444.0
34 1960.0
16 2052.0
43 1767.0
49 1886.0
20 1803.0
14 1843.0
15 2259.0
39 1821.0
23 1668.0
23 1898.0
18 1632.0
49 1865.0
32 1769.0
31 1831.0
32 1712.0
32 2080.0
16 1981.0
43 1606.0
25 5573.0
27 1826.0
42 1813.0
42 1878.0
43 1860.0
13 1784.0
46 1654.0
30 1921.0
38 1771.0
26 2076.0
27 1876.0
49 1658.0
47 1662.0
7 2227.0
47 1864.0
35 2015.0
8 1990.0
45 1901.0
38 2050.0
39 2202.0
18 1909.0
26 1850.0
23 2177.0
14 3343.0
6 1999.0
31 1890.0
19 1900.0
16 2009.0
38 2212.0
40 1916.0
49 2189.0
43 2093.0
40 2307.0
35 2074.0
24 2191.0
37 2080.0
33 2284.0
38 2582.0
40 1906.0
11 1928.0
35 1612.0
39 1823.0
15 2117.0
7 2487.0
48 1828.0
36 1726.0
14 1928.0
46 1862.0
45 1863.0
40 1900.0
48 1783.0
40 1811.0
39 1887.0
3 2199.0
29 2007.0
39 1787.0
18 1709.0
29 1887.0
2 1773.0
23 1670.0
48 1869.0
20 1932.0
22 1907.0
30 1917.0
18 1824.0
14 1833.0
48 1809.0
17 2043.0
30 1943.0
45 1875.0
16 2134.0
10 1811.0
6 1919.0
42 2049.0
17 1675.0
32 1916.0
9 1967.0
3 1641.0
9 5719.0
17 3124.0
41 2484.0
11 1992.0
23 2185.0
28 4166.0
30 2740.0
49 2270.0
46 2184.0
29 2598.0
4 2325.0
37 2070.0
32 2891.0
22 2243.0
47 2133.0
22 2212.0
2 2225.0
7 2040.0
32 2215.0
44 1969.0
10 1888.0
25 2194.0
23 2019.0
39 1980.0
39 1839.0
36 1994.0
43 2048.0
26 1825.0
30 2299.0
41 2356.0
13 2059.0
43 1819.0
3 1913.0
37 1926.0
42 1670.0
1 1954.0
37 1925.0
4 1986.0
6 1899.0
12 1985.0
16 1840.0
26 2062.0
16 3120.0
4 2367.0
13 2295.0
29 2187.0
1 2015.0
30 2505.0
47 2205.0
28 1882.0
41 2273.0
7 2313.0
34 2434.0
46 2268.0
15 2478.0
41 2150.0
20 2101.0
5 2264.0
28 2101.0
18 1932.0
41 2089.0
49 2199.0
45 2021.0
13 2355.0
37 2102.0
26 2109.0
16 2215.0
4 2145.0
32 1879.0
3 1969.0
31 1981.0
38 2389.0
43 2333.0
5 6292.0
16 2541.0
20 1964.0
19 2165.0
44 2170.0
26 2083.0
26 2527.0
21 1988.0
44 2021.0
19 2329.0
17 2143.0
43 2093.0
16 1959.0
29 2049.0
48 2519.0
10 3000.0
24 2385.0
25 2507.0
14 2295.0
8 2176.0
25 2184.0
1 1982.0
42 2163.0
12 2059.0
48 2190.0
32 1801.0
13 2038.0
28 1948.0
33 2213.0
10 2436.0
29 2251.0
45 2108.0
32 2162.0
38 1967.0
9 1983.0
7 2271.0
5 2818.0
43 4078.0
18 2997.0
29 2523.0
21 2199.0
36 2584.0
36 2664.0
45 2131.0
36 2409.0
31 2230.0
16 1986.0
12 2345.0
31 2088.0
16 1981.0
6 2130.0
45 2633.0
39 2143.0
44 1940.0
44 1831.0
18 2022.0
1 2081.0
32 1955.0
24 2110.0
13 2177.0
14 1902.0
12 2142.0
46 2467.0
49 1951.0
1 2064.0
20 2134.0
34 2124.0
26 1890.0
41 2035.0
4 2970.0
15 1732.0
14 1940.0
9 1758.0
38 1679.0
31 1929.0
12 1793.0
39 2181.0
45 2062.0
26 1914.0
7 2278.0
18 1997.0
13 2026.0
21 2097.0
22 2040.0
8 1859.0
40 2022.0
8 1951.0
27 2208.0
2 2214.0
41 2960.0
1 2437.0
10 2145.0
34 2498.0
37 2251.0
21 2351.0
15 1835.0
39 1810.0
45 1993.0
23 2076.0
42 1882.0
23 1894.0
12 2105.0
22 2031.0
48 1924.0
27 2776.0
