First MST486158 2.785332997E9
28 268155.0
14 5328.0
24 3258.0
14 3013.0
10 4425.0
14 2816.0
9 5116.0
49 9463.0
22 3598.0
29 6247.0
8 5083.0
41 5208.0
12 4524.0
9 2637.0
8 2746.0
34 2781.0
23 2729.0
32 3106.0
17 5035.0
24 13812.0
46 4883.0
31 2895.0
22 2489.0
46 2549.0
3 12311.0
16 5172.0
22 2687.0
13 2585.0
45 6046.0
27 3482.0
40 2682.0
13 2572.0
8 2495.0
16 2993.0
23 2513.0
13 4400.0
1 3472.0
29 2496.0
11 3767.0
11 2674.0
9 4806.0
6 4152.0
4 3990.0
44 4416.0
22 4316.0
49 4241.0
9 4006.0
10 4343.0
48 4082.0
39 3005.0
18 2374.0
21 2694.0
2 2451.0
1 2038.0
47 5759.0
19 2068.0
35 1597.0
34 1499.0
42 1906.0
25 2481.0
31 1434.0
32 1437.0
11 1970.0
33 2724.0
11 2611.0
34 2722.0
36 2587.0
30 2535.0
46 2641.0
47 2780.0
49 4546.0
12 3419.0
37 2868.0
10 3118.0
25 1905.0
3 11932.0
31 2298.0
26 1832.0
45 1674.0
8 1578.0
42 1503.0
1 1843.0
20 1602.0
36 1490.0
3 1603.0
5 1854.0
41 1597.0
29 1708.0
1 1502.0
10 1803.0
25 1722.0
35 1784.0
32 1655.0
18 1452.0
24 3176.0
42 2325.0
11 1844.0
26 1843.0
17 1704.0
47 1999.0
8 1439.0
7 2807.0
39 1659.0
42 1807.0
9 2079.0
7 1636.0
42 1436.0
43 1404.0
49 1589.0
2 1519.0
12 1670.0
13 1599.0
20 1775.0
2 1551.0
24 1601.0
39 1562.0
21 1690.0
19 1547.0
43 1564.0
41 1612.0
14 1657.0
36 1418.0
9 1443.0
30 1904.0
42 1865.0
25 1551.0
20 2890.0
34 2347.0
32 1591.0
1 1495.0
12 1468.0
42 1272.0
17 1830.0
27 1454.0
35 1475.0
43 1694.0
18 1530.0
33 1436.0
23 1602.0
29 1441.0
30 1377.0
42 1369.0
18 1419.0
22 1425.0
22 1494.0
28 1609.0
20 5647.0
7 1996.0
27 2043.0
16 1669.0
1 1478.0
41 9633.0
14 1300.0
48 1479.0
40 1594.0
18 2892.0
11 4078.0
9 2949.0
16 2684.0
4 2640.0
6 2343.0
40 2572.0
19 2426.0
48 9426.0
13 2644.0
12 2570.0
21 1836.0
14 1467.0
12 2785.0
16 2733.0
35 2363.0
17 2541.0
28 2213.0
28 2066.0
46 2004.0
30 2414.0
15 2316.0
21 1972.0
13 2057.0
8 2122.0
48 2167.0
13 2051.0
24 2317.0
14 2024.0
37 2006.0
36 2238.0
35 2132.0
14 2277.0
11 2040.0
29 2361.0
21 2585.0
11 2990.0
12 2172.0
46 2036.0
21 2161.0
9 2275.0
41 2048.0
20 2199.0
9 2247.0
48 2017.0
18 2112.0
3 2077.0
2 2118.0
19 2621.0
8 2249.0
43 1960.0
35 1974.0
25 1903.0
18 1898.0
49 2114.0
29 2117.0
44 2086.0
38 2022.0
25 2369.0
17 2202.0
19 1854.0
32 1904.0
32 2202.0
36 2191.0
4 2091.0
45 1927.0
32 2392.0
28 2078.0
7 2372.0
49 2392.0
46 1697.0
21 1278.0
1 1272.0
42 1446.0
43 1353.0
29 5025.0
34 2169.0
2 1601.0
35 1429.0
32 2035.0
21 1337.0
14 1742.0
48 1675.0
42 1493.0
48 2460.0
6 1463.0
16 1489.0
32 1462.0
17 1341.0
2 1486.0
47 1492.0
7 1347.0
5 1542.0
2 1400.0
37 1319.0
18 1361.0
14 1141.0
37 1374.0
15 1466.0
8 2219.0
13 2520.0
7 2753.0
17 1889.0
32 1363.0
15 1255.0
21 1235.0
48 1756.0
34 1568.0
5 1578.0
2 1319.0
35 1449.0
9 1587.0
5 1574.0
47 2202.0
30 2096.0
41 1420.0
34 1511.0
3 1415.0
31 1483.0
28 2042.0
12 1818.0
3 1398.0
22 1376.0
10 1356.0
21 2296.0
42 2493.0
22 1570.0
49 1495.0
44 1394.0
45 1241.0
3 1309.0
2 1370.0
30 1118.0
19 1256.0
11 1451.0
2 1263.0
37 1392.0
48 1249.0
6 2463.0
38 2503.0
45 2441.0
24 2233.0
2 2141.0
39 2089.0
35 2065.0
44 1927.0
45 3280.0
9 1892.0
36 1589.0
20 1370.0
25 1318.0
13 3753.0
31 2521.0
46 2308.0
30 2446.0
14 1925.0
39 2090.0
13 1884.0
4 2061.0
36 2282.0
7 2100.0
14 2121.0
2 1902.0
45 2429.0
44 1648.0
34 1285.0
9 1339.0
13 2473.0
10 1696.0
24 1398.0
13 1513.0
22 1488.0
35 1472.0
43 1244.0
11 1269.0
32 1315.0
9 1201.0
20 1793.0
45 1510.0
25 1465.0
46 1404.0
43 1408.0
14 1439.0
38 1551.0
14 1162.0
24 1561.0
40 1491.0
37 1237.0
18 1238.0
35 1395.0
8 1434.0
5 1481.0
47 1337.0
32 1409.0
25 1401.0
25 1371.0
11 1464.0
23 1630.0
10 1351.0
4 1420.0
21 1386.0
36 1398.0
18 1546.0
16 1394.0
44 1489.0
28 1324.0
29 1316.0
29 1253.0
1 1595.0
7 1154.0
44 1357.0
29 1369.0
3 1361.0
16 1359.0
10 1356.0
32 1927.0
10 1277.0
46 1310.0
48 1367.0
31 1283.0
47 2969.0
38 2588.0
37 2011.0
39 2156.0
43 2656.0
44 2379.0
9 2265.0
46 2343.0
19 3878.0
4 2347.0
1 2613.0
1 2637.0
10 2576.0
37 2407.0
19 2261.0
47 2453.0
5 2488.0
23 2572.0
42 2495.0
40 2285.0
25 4443.0
4 2556.0
34 2665.0
24 2258.0
31 2416.0
26 2260.0
11 3657.0
43 2393.0
29 2415.0
49 2124.0
28 1739.0
19 1451.0
13 1290.0
15 1437.0
40 1426.0
10 1287.0
8 1432.0
31 1563.0
8 1335.0
6 4037.0
24 7508.0
12 2332.0
10 1677.0
26 1581.0
47 1608.0
32 1832.0
23 1485.0
32 1819.0
10 1513.0
18 1383.0
39 1619.0
36 1358.0
11 1535.0
46 1324.0
27 1199.0
37 1429.0
47 1681.0
14 1188.0
24 1491.0
18 1470.0
33 1154.0
13 1466.0
25 3995.0
17 1668.0
32 1610.0
18 1709.0
39 1453.0
49 1431.0
15 1386.0
26 1349.0
40 1286.0
6 1354.0
49 1606.0
4 1502.0
22 1338.0
42 3375.0
22 1840.0
18 1317.0
4 1919.0
20 1616.0
33 1793.0
23 1493.0
3 1200.0
41 1304.0
12 1317.0
4 1334.0
12 1546.0
46 3570.0
2 1641.0
49 1316.0
15 1183.0
6 1415.0
38 1096.0
1 1272.0
15 1347.0
46 1251.0
22 1201.0
36 1158.0
10 1374.0
35 1680.0
16 1340.0
37 1365.0
19 1123.0
43 1289.0
23 1601.0
4 1202.0
35 1319.0
30 3238.0
21 1568.0
12 1127.0
34 1418.0
46 1287.0
21 1406.0
22 1363.0
9 1250.0
28 1396.0
30 1220.0
21 1314.0
29 1503.0
27 1366.0
41 1263.0
1 1089.0
34 1269.0
21 1154.0
27 1261.0
43 1106.0
14 1121.0
47 9733.0
15 3750.0
39 1908.0
15 1664.0
25 1782.0
45 1785.0
4 1274.0
45 1447.0
20 5252.0
9 24806.0
15 2406.0
48 1603.0
42 1525.0
18 1555.0
18 1398.0
33 1303.0
19 1193.0
13 1645.0
11 1741.0
7 1713.0
33 1514.0
22 1345.0
35 1502.0
40 2451.0
18 2457.0
9 1405.0
33 1257.0
34 1373.0
26 1168.0
45 1280.0
33 1327.0
42 1433.0
10 1328.0
22 1371.0
23 1198.0
29 1175.0
5 1272.0
8 1082.0
16 1045.0
29 1324.0
19 1246.0
29 3535.0
32 1526.0
21 1560.0
7 1204.0
6 1238.0
21 1272.0
16 1343.0
43 1443.0
36 1436.0
16 1309.0
26 2171.0
8 2700.0
44 1660.0
48 1599.0
23 1321.0
33 1401.0
25 1204.0
42 1447.0
19 1279.0
43 1396.0
25 1226.0
19 1317.0
22 1500.0
4 1161.0
15 1452.0
5 1214.0
14 1081.0
28 2385.0
5 2239.0
16 1332.0
19 1238.0
30 1304.0
35 1208.0
12 3294.0
42 2800.0
24 3070.0
36 1631.0
29 1469.0
45 1376.0
39 1291.0
45 1363.0
36 1337.0
33 1341.0
26 1279.0
22 1325.0
14 1129.0
5 1354.0
1 1331.0
41 1392.0
6 3406.0
3 1953.0
8 1803.0
30 2285.0
10 2089.0
21 2817.0
18 2429.0
34 2042.0
40 2341.0
31 2206.0
4 1728.0
21 1387.0
11 1375.0
36 1281.0
40 1847.0
39 1145.0
27 1061.0
18 1314.0
38 1358.0
46 1391.0
26 1374.0
47 1272.0
30 1275.0
27 1289.0
18 1616.0
8 2360.0
11 2759.0
24 2370.0
45 2460.0
1 2279.0
16 2125.0
29 2508.0
26 2645.0
40 2135.0
20 2394.0
3 2568.0
35 2200.0
29 4661.0
2 3275.0
34 2555.0
38 3239.0
47 1905.0
39 1715.0
38 1265.0
31 1308.0
8 1371.0
49 1414.0
42 4585.0
8 1600.0
26 1210.0
24 1286.0
8 1102.0
36 1370.0
15 1479.0
39 1421.0
27 1300.0
46 1274.0
15 1581.0
34 1287.0
45 1188.0
34 1070.0
25 1186.0
42 1977.0
28 1560.0
30 1305.0
3 1366.0
1 1264.0
42 1251.0
13 1178.0
2 1362.0
47 1267.0
3 1138.0
26 3106.0
34 1283.0
17 1219.0
27 1113.0
44 1276.0
17 1108.0
2 990.0
45 1273.0
42 1182.0
47 1358.0
43 1853.0
23 2242.0
3 1823.0
16 1330.0
2 1339.0
28 1305.0
23 1274.0
22 1284.0
7 1144.0
7 1205.0
42 1329.0
17 1076.0
6 1286.0
28 1208.0
1 1265.0
43 1040.0
35 1226.0
39 1851.0
22 1936.0
16 2098.0
4 1807.0
23 1851.0
2 2184.0
15 2140.0
5 1764.0
49 1714.0
10 1998.0
3 1618.0
39 1798.0
3 1861.0
36 1882.0
29 1982.0
32 1851.0
34 1878.0
38 1943.0
13 1638.0
30 1719.0
22 1985.0
30 1760.0
31 1685.0
37 1810.0
24 1931.0
40 1882.0
30 1934.0
13 1980.0
2 1874.0
48 2150.0
11 1920.0
27 1972.0
27 1962.0
19 1846.0
47 1815.0
34 1780.0
16 2009.0
43 1651.0
49 1897.0
20 1673.0
14 1951.0
15 2043.0
39 1749.0
23 1905.0
23 1645.0
18 1951.0
49 2026.0
32 1869.0
31 2204.0
32 2032.0
32 1848.0
16 1809.0
43 1810.0
25 1915.0
27 1951.0
42 1812.0
42 1767.0
43 1821.0
13 1928.0
46 1701.0
30 1731.0
38 1998.0
26 1927.0
27 1840.0
49 1917.0
47 1838.0
7 1749.0
47 1835.0
35 1894.0
8 1789.0
45 1776.0
38 2027.0
39 1688.0
18 2094.0
26 1773.0
23 1921.0
14 17989.0
6 1907.0
31 2573.0
19 1401.0
16 1337.0
38 1340.0
40 1240.0
49 1271.0
43 1057.0
40 1426.0
35 1078.0
24 1562.0
37 1188.0
33 1206.0
38 1309.0
40 1078.0
11 1460.0
35 1270.0
39 1149.0
15 1401.0
7 1319.0
48 1579.0
36 1270.0
14 1553.0
46 1284.0
45 1525.0
40 1580.0
48 1371.0
40 1292.0
39 1028.0
3 1425.0
29 1681.0
39 1259.0
18 1209.0
29 1356.0
2 1184.0
23 1292.0
48 1212.0
20 1617.0
22 1173.0
30 1356.0
18 1124.0
14 1197.0
48 1214.0
17 1248.0
30 1269.0
45 1264.0
16 1109.0
10 1236.0
6 1023.0
42 1497.0
17 1325.0
32 1252.0
9 1261.0
3 1272.0
9 1203.0
17 1193.0
41 980.0
11 1166.0
23 1270.0
28 1211.0
30 1276.0
49 1180.0
46 1160.0
29 4639.0
4 1829.0
37 1320.0
32 1327.0
22 1350.0
47 1381.0
22 1280.0
2 1321.0
7 1241.0
32 1197.0
44 1088.0
10 1057.0
25 1246.0
23 1264.0
39 1327.0
39 1436.0
36 1244.0
43 1180.0
26 1266.0
30 1241.0
41 1200.0
13 1295.0
43 1174.0
3 1410.0
37 1302.0
42 1038.0
1 2199.0
37 3459.0
4 1280.0
6 1515.0
12 1324.0
16 1157.0
26 1068.0
16 1349.0
4 1284.0
13 1259.0
29 1230.0
1 1429.0
30 1232.0
47 993.0
28 1020.0
41 996.0
7 1456.0
34 11380.0
46 1941.0
15 1117.0
41 1189.0
20 1258.0
5 1021.0
28 1338.0
18 1032.0
41 1340.0
49 1268.0
45 1184.0
13 1238.0
37 1031.0
26 1222.0
16 1314.0
4 1034.0
32 1849.0
3 2276.0
31 1375.0
38 1297.0
43 1219.0
5 1747.0
16 1321.0
20 1308.0
19 1213.0
44 1301.0
26 1021.0
26 1333.0
21 1177.0
44 1235.0
19 1311.0
17 1240.0
43 1291.0
16 1359.0
29 957.0
48 1250.0
10 1990.0
24 2229.0
25 1560.0
14 1235.0
8 1241.0
25 1297.0
1 1231.0
42 1373.0
12 1160.0
48 1403.0
32 1026.0
13 1281.0
28 1028.0
33 1085.0
10 1379.0
29 1401.0
45 1272.0
32 1222.0
38 1259.0
9 1068.0
7 1095.0
5 1369.0
43 1153.0
18 1168.0
29 1431.0
21 1209.0
36 1311.0
36 1236.0
45 1167.0
36 1070.0
31 1418.0
16 1296.0
12 1266.0
31 1051.0
16 986.0
6 1251.0
45 1089.0
39 1374.0
44 1108.0
44 1214.0
18 1355.0
1 1040.0
32 1312.0
24 1231.0
13 1072.0
14 1190.0
12 1232.0
46 1116.0
49 1256.0
1 1184.0
20 1322.0
34 996.0
26 1332.0
41 1086.0
4 2917.0
15 2160.0
14 2149.0
9 2361.0
38 1979.0
31 2026.0
12 2310.0
39 2202.0
45 2130.0
26 2098.0
7 2352.0
18 2067.0
13 2250.0
21 2000.0
22 2446.0
8 2227.0
40 2106.0
8 2537.0
27 2398.0
2 2785.0
41 2425.0
1 2397.0
10 2148.0
34 2182.0
37 2177.0
21 2269.0
15 1846.0
39 1926.0
45 2089.0
23 2117.0
42 2107.0
23 2253.0
12 2232.0
22 2182.0
48 2175.0
27 2237.0
