First MST29183 2.2495098E7
28 51588.0
14 11541.0
24 10203.0
14 12509.0
10 9748.0
14 15856.0
9 8881.0
49 12439.0
22 8722.0
29 8670.0
8 13147.0
41 8982.0
12 12255.0
9 8596.0
8 7888.0
34 8348.0
23 8162.0
32 12121.0
17 16934.0
24 8780.0
46 8585.0
31 8429.0
22 11400.0
46 8273.0
3 7764.0
16 7829.0
22 7896.0
13 11023.0
45 20867.0
27 13955.0
40 8554.0
13 8608.0
8 8098.0
16 8214.0
23 11314.0
13 9956.0
1 8141.0
29 7620.0
11 9146.0
11 7982.0
9 8122.0
6 12655.0
4 8076.0
44 7815.0
22 7950.0
49 7589.0
9 10735.0
10 8135.0
48 14094.0
39 8874.0
18 8477.0
21 8532.0
2 11130.0
1 11131.0
47 7512.0
19 6683.0
35 49551.0
34 7327.0
42 10586.0
25 6199.0
31 11547.0
32 6473.0
11 6480.0
33 6227.0
11 6249.0
34 8858.0
36 5467.0
30 5298.0
46 5454.0
47 5177.0
49 8280.0
12 5569.0
37 8967.0
10 6101.0
25 6390.0
3 43873.0
31 19803.0
26 13287.0
45 6455.0
8 6141.0
42 6733.0
1 6103.0
20 10258.0
36 6080.0
3 10840.0
5 6213.0
41 6287.0
29 6107.0
1 5685.0
10 26166.0
25 6624.0
35 10257.0
32 5639.0
18 28739.0
24 20493.0
42 6300.0
11 10182.0
26 5572.0
17 6062.0
47 5623.0
8 16095.0
7 6594.0
39 48426.0
42 10676.0
9 6424.0
7 8601.0
42 6500.0
43 6326.0
49 10031.0
2 6758.0
12 9935.0
13 6768.0
20 6469.0
2 6439.0
24 6648.0
39 10698.0
21 6240.0
19 10186.0
43 7419.0
41 17849.0
14 11390.0
36 5654.0
9 10602.0
30 6544.0
42 6163.0
25 12927.0
20 7474.0
34 13530.0
32 6153.0
1 5510.0
12 6004.0
42 5929.0
17 6359.0
27 6032.0
35 10285.0
43 6456.0
18 5420.0
33 4889.0
23 7451.0
29 8105.0
30 5130.0
42 10080.0
18 5684.0
22 5562.0
22 4752.0
28 4866.0
20 8214.0
7 4742.0
27 4796.0
16 4737.0
1 4616.0
41 9669.0
14 4697.0
48 22665.0
40 5337.0
18 4758.0
11 8520.0
9 4682.0
16 8053.0
4 5882.0
6 5616.0
40 5687.0
19 11455.0
48 9178.0
13 6880.0
12 10393.0
21 11959.0
14 6068.0
12 6190.0
16 11827.0
35 10620.0
17 6281.0
28 6075.0
28 7819.0
46 5542.0
30 9873.0
15 6201.0
21 5902.0
13 5848.0
8 5505.0
48 5432.0
13 4875.0
24 10335.0
14 5149.0
37 5277.0
36 5495.0
35 5535.0
14 9417.0
11 4968.0
29 8486.0
21 5770.0
11 5175.0
12 5297.0
46 4715.0
21 7803.0
9 4709.0
41 4531.0
20 4775.0
9 4833.0
48 7873.0
18 6091.0
3 9300.0
2 5444.0
19 5276.0
8 4970.0
43 4821.0
35 8346.0
25 4890.0
18 4393.0
49 4578.0
29 4454.0
44 7699.0
38 5660.0
25 8720.0
17 4732.0
19 5321.0
32 4713.0
32 4663.0
36 7699.0
4 4825.0
45 4382.0
32 4521.0
28 4516.0
7 4842.0
49 4927.0
46 8184.0
21 4989.0
1 4822.0
42 4867.0
43 5132.0
29 8373.0
34 5029.0
2 5022.0
35 5325.0
32 4977.0
21 8960.0
14 5993.0
48 9662.0
42 5605.0
48 5399.0
6 5079.0
16 5170.0
32 8692.0
17 46135.0
2 5248.0
47 5313.0
7 5126.0
5 5036.0
2 5309.0
37 8655.0
18 5283.0
14 5086.0
37 4953.0
15 7748.0
8 45832.0
13 7273.0
7 5781.0
17 5342.0
32 5026.0
15 5273.0
21 4957.0
48 7803.0
34 4927.0
5 4671.0
2 4847.0
35 4869.0
9 7827.0
5 4797.0
47 4929.0
30 5105.0
41 5070.0
34 5906.0
3 5281.0
31 9047.0
28 5650.0
12 5434.0
3 5351.0
22 5533.0
10 13899.0
21 5042.0
42 8522.0
22 4757.0
49 4629.0
44 4712.0
45 9105.0
3 8349.0
2 4787.0
30 4705.0
19 4525.0
11 4470.0
2 7160.0
37 4817.0
48 4996.0
6 4827.0
38 4969.0
45 7708.0
24 4962.0
2 8553.0
39 5353.0
35 5400.0
44 5381.0
45 5294.0
9 11891.0
36 4902.0
20 4919.0
25 4578.0
13 4598.0
31 7340.0
46 4904.0
30 7670.0
14 4509.0
39 11713.0
13 4810.0
4 4495.0
36 7727.0
7 4612.0
14 5275.0
2 4851.0
45 5002.0
44 4566.0
34 4772.0
9 8458.0
13 5432.0
10 5224.0
24 5426.0
13 5388.0
22 8852.0
35 7665.0
43 8623.0
11 5235.0
32 4734.0
9 4961.0
20 4679.0
45 7789.0
25 5104.0
46 4744.0
43 4701.0
14 4312.0
38 8119.0
14 4611.0
24 7286.0
40 4592.0
37 4466.0
18 4307.0
35 4701.0
8 7874.0
5 4764.0
47 4756.0
32 5290.0
25 4830.0
25 8235.0
11 4564.0
23 4386.0
10 4365.0
4 4239.0
21 7344.0
36 4111.0
18 7520.0
16 4299.0
44 4784.0
28 4528.0
29 5051.0
29 8862.0
1 5255.0
7 5185.0
44 5764.0
29 5642.0
3 9367.0
16 5203.0
10 8374.0
32 4585.0
10 4523.0
46 5028.0
48 5230.0
31 8713.0
47 5291.0
38 4764.0
37 4707.0
39 18457.0
43 5093.0
44 4521.0
9 9883.0
46 10508.0
19 6063.0
4 5391.0
1 4670.0
1 8040.0
10 4734.0
37 8241.0
19 5343.0
47 5112.0
5 5107.0
23 5330.0
42 8782.0
40 5403.0
25 5239.0
4 5298.0
34 5314.0
24 9088.0
31 5395.0
26 9089.0
11 5501.0
43 5087.0
29 5236.0
49 5254.0
28 9606.0
19 5452.0
13 4850.0
15 5237.0
40 5887.0
10 9000.0
8 5544.0
31 9544.0
8 4974.0
6 5309.0
24 5507.0
12 5185.0
10 9288.0
26 5280.0
47 5255.0
32 5124.0
23 5559.0
32 5701.0
10 5659.0
18 9135.0
39 5265.0
36 5625.0
11 5724.0
46 5252.0
27 11836.0
37 4878.0
47 4706.0
14 4848.0
24 5105.0
18 7438.0
33 4423.0
13 4499.0
25 4494.0
17 4305.0
32 8124.0
18 4676.0
39 7455.0
49 4651.0
15 4764.0
26 4998.0
40 4583.0
6 7440.0
49 4772.0
4 4594.0
22 4503.0
42 4471.0
22 4514.0
18 4294.0
4 7861.0
20 4534.0
33 4574.0
23 4791.0
3 17463.0
41 12541.0
12 5336.0
4 5048.0
12 5008.0
46 4681.0
2 21844.0
49 5391.0
15 8092.0
6 4833.0
38 4710.0
1 4733.0
15 5027.0
46 7655.0
22 4214.0
36 4799.0
10 4136.0
35 4234.0
16 6912.0
37 4308.0
19 7006.0
43 4288.0
23 4106.0
4 4435.0
35 3806.0
30 6943.0
21 4323.0
12 122219.0
34 4900.0
46 3882.0
21 4009.0
22 3487.0
9 6521.0
28 3901.0
30 3533.0
21 3688.0
29 3138.0
27 6365.0
41 3326.0
1 5870.0
34 3111.0
21 3127.0
27 3318.0
43 3627.0
14 6801.0
47 3337.0
15 3817.0
39 3600.0
15 3463.0
25 6645.0
45 3412.0
4 6940.0
45 3657.0
20 4396.0
9 13742.0
15 4483.0
48 8172.0
42 3991.0
18 7469.0
18 3980.0
33 3461.0
19 3476.0
13 3390.0
11 6392.0
7 2998.0
33 3238.0
22 3361.0
35 3169.0
40 6624.0
18 3397.0
9 6174.0
33 3131.0
34 3428.0
26 6810.0
45 3051.0
33 5489.0
42 3391.0
10 3020.0
22 2960.0
23 2907.0
29 5924.0
5 3128.0
8 6083.0
16 2988.0
29 2863.0
19 3348.0
29 2910.0
32 5796.0
21 2926.0
7 2786.0
6 3063.0
21 3252.0
16 6347.0
43 3087.0
36 3225.0
16 3288.0
26 3092.0
8 6100.0
44 3431.0
48 3636.0
23 3321.0
33 3086.0
25 3169.0
42 2825.0
19 7180.0
43 3088.0
25 3870.0
19 3711.0
22 3399.0
4 6646.0
15 3339.0
5 4209.0
14 3609.0
28 3468.0
5 3625.0
16 2950.0
19 6483.0
30 3287.0
35 2989.0
12 3178.0
42 3012.0
24 3075.0
36 2875.0
29 5900.0
45 3232.0
39 3198.0
45 3448.0
36 4096.0
33 7444.0
26 3335.0
22 3549.0
14 4056.0
5 3225.0
1 7621.0
41 3832.0
6 3669.0
3 3508.0
8 2952.0
30 6943.0
10 3313.0
21 3107.0
18 3214.0
34 3227.0
40 6037.0
31 3335.0
4 6966.0
21 3105.0
11 3910.0
36 3885.0
40 3664.0
39 7013.0
27 3270.0
18 7298.0
38 3214.0
46 3563.0
26 3661.0
47 3528.0
30 6895.0
27 3699.0
18 3678.0
8 3549.0
11 3547.0
24 7385.0
45 3585.0
1 6600.0
16 3516.0
29 3476.0
26 3410.0
40 2980.0
20 6678.0
3 3040.0
35 3087.0
29 3166.0
2 2945.0
34 6055.0
38 3236.0
47 2938.0
39 2871.0
38 3090.0
31 3496.0
8 3304.0
49 34363.0
42 8230.0
8 6721.0
26 5734.0
24 4803.0
8 6697.0
36 3520.0
15 6478.0
39 3303.0
27 3200.0
46 3345.0
15 3290.0
34 10541.0
45 3076.0
34 3122.0
25 3330.0
42 3114.0
28 7237.0
30 3113.0
3 3498.0
1 3780.0
42 3491.0
13 3561.0
2 3581.0
47 8145.0
3 6268.0
26 3882.0
34 5273.0
17 3604.0
27 7288.0
44 6358.0
17 7406.0
2 3551.0
45 3099.0
42 3788.0
47 3798.0
43 6907.0
23 3328.0
3 3600.0
16 3483.0
2 3455.0
28 7380.0
23 3608.0
22 7224.0
7 3812.0
7 3908.0
42 3581.0
17 6233.0
6 7401.0
28 3664.0
1 3598.0
43 3399.0
35 3092.0
39 6756.0
22 3383.0
16 6541.0
4 2737.0
23 2340.0
2 3458.0
15 3123.0
5 7216.0
49 3580.0
10 9094.0
3 4334.0
39 3345.0
3 3320.0
36 3065.0
29 6375.0
32 3082.0
34 3126.0
38 3112.0
13 2807.0
30 6300.0
22 2914.0
30 2890.0
31 3166.0
37 2942.0
24 5905.0
40 2807.0
30 5022.0
13 3198.0
2 2908.0
48 6073.0
11 2772.0
27 5649.0
27 3516.0
19 2593.0
47 2928.0
34 4344.0
16 5755.0
43 2640.0
49 2818.0
20 3086.0
14 3160.0
15 6689.0
39 3738.0
23 3071.0
23 3285.0
18 2834.0
49 4972.0
32 3537.0
31 6775.0
32 3041.0
32 2848.0
16 2728.0
43 2703.0
25 5577.0
27 2672.0
42 2609.0
42 2790.0
43 2692.0
13 2590.0
46 2777.0
30 5890.0
38 2853.0
26 2776.0
27 2721.0
49 2609.0
47 2895.0
7 2702.0
47 5630.0
35 2949.0
8 2720.0
45 2670.0
38 2864.0
39 5550.0
18 2637.0
26 5179.0
23 2770.0
14 6316.0
6 3071.0
31 3013.0
19 5559.0
16 2929.0
38 2548.0
40 3041.0
49 2699.0
43 5856.0
40 2943.0
35 5359.0
24 2973.0
37 2761.0
33 2730.0
38 2572.0
40 5598.0
11 2674.0
35 3084.0
39 3277.0
15 2931.0
7 5873.0
48 2732.0
36 6449.0
14 11406.0
46 4102.0
45 3849.0
40 3238.0
48 7127.0
40 3595.0
39 10954.0
3 20913.0
29 10083.0
39 26749.0
18 7638.0
29 3647.0
2 3858.0
23 3524.0
48 9860.0
20 8009.0
22 21572.0
30 3143.0
18 3581.0
14 9986.0
48 6306.0
17 9445.0
30 8714.0
45 7271.0
16 3182.0
10 4083.0
6 9775.0
42 4906.0
17 6088.0
32 3349.0
9 3116.0
3 4583.0
9 3145.0
17 17900.0
41 12743.0
11 4306.0
23 4356.0
28 3224.0
30 6215.0
49 3054.0
46 2983.0
29 3103.0
4 3097.0
37 6229.0
32 3030.0
22 18256.0
47 6128.0
22 6828.0
2 4309.0
7 4488.0
32 3094.0
44 2783.0
10 6568.0
25 3065.0
23 5609.0
39 5257.0
39 3200.0
36 6698.0
43 3075.0
26 3034.0
30 3004.0
41 3359.0
13 6992.0
43 4303.0
3 7700.0
37 3460.0
42 12873.0
1 3197.0
37 2928.0
4 6037.0
6 3226.0
12 3125.0
16 3012.0
26 3088.0
16 6699.0
4 3319.0
13 3269.0
29 3121.0
1 3029.0
30 2980.0
47 2840.0
28 6246.0
41 2863.0
7 3387.0
34 5056.0
46 3387.0
15 7552.0
41 3248.0
20 3295.0
5 3408.0
28 2603.0
18 3119.0
41 3135.0
49 6722.0
45 2941.0
13 2812.0
37 2611.0
26 2986.0
16 6384.0
4 3233.0
32 6238.0
3 2919.0
31 3221.0
38 3162.0
43 3136.0
5 6998.0
16 3272.0
20 2802.0
19 3505.0
44 2871.0
26 6725.0
26 3413.0
21 6820.0
44 3389.0
19 3273.0
17 3452.0
43 3137.0
16 6879.0
29 3510.0
48 3226.0
10 3166.0
24 3196.0
25 7541.0
14 3631.0
8 6756.0
25 3278.0
1 2952.0
42 3194.0
12 3353.0
48 8234.0
32 3371.0
13 6625.0
28 3302.0
33 3229.0
10 2975.0
29 3519.0
45 6891.0
32 3478.0
38 2989.0
9 3548.0
7 4109.0
5 7488.0
43 3353.0
18 3520.0
29 3340.0
21 3177.0
36 6874.0
36 3246.0
45 7126.0
36 3430.0
31 3217.0
16 5413.0
12 3264.0
31 6579.0
16 3142.0
6 3159.0
45 3418.0
39 3210.0
44 6930.0
44 3345.0
18 3280.0
1 3013.0
32 3352.0
24 3440.0
13 3349.0
14 7089.0
12 3344.0
46 3313.0
49 3720.0
1 3549.0
20 7228.0
34 2988.0
26 6345.0
41 3455.0
4 3185.0
15 3471.0
14 2999.0
9 7039.0
38 3032.0
31 6208.0
12 2955.0
39 3105.0
45 3429.0
26 3043.0
7 6321.0
18 5172.0
13 2943.0
21 3166.0
22 2990.0
8 3252.0
40 3343.0
8 6890.0
27 3258.0
2 3385.0
41 3552.0
1 3399.0
10 7216.0
34 3274.0
37 3264.0
21 3849.0
15 3185.0
39 3533.0
45 3117.0
23 6584.0
42 3630.0
23 2735.0
12 3141.0
22 3103.0
48 6717.0
27 3148.0
