First MST6917 6575999.0
28 30188.0
14 18135.0
24 14605.0
14 15897.0
10 9399.0
14 10374.0
9 9091.0
49 8963.0
22 11433.0
29 9957.0
8 8345.0
41 9057.0
12 9548.0
9 12981.0
8 9004.0
34 34564.0
23 10579.0
32 12766.0
17 13331.0
24 8843.0
46 8870.0
31 9617.0
22 8926.0
46 12086.0
3 8329.0
16 8440.0
22 8985.0
13 8422.0
45 11220.0
27 8939.0
40 11782.0
13 8972.0
8 12662.0
16 13831.0
23 10323.0
13 10233.0
1 10661.0
29 10495.0
11 14350.0
11 9274.0
9 12105.0
6 10445.0
4 9123.0
44 9735.0
22 12722.0
49 11914.0
9 8937.0
10 8620.0
48 10566.0
39 8965.0
18 11572.0
21 9291.0
2 9040.0
1 8937.0
47 8989.0
19 11762.0
35 10060.0
34 10984.0
42 7952.0
25 8703.0
31 11701.0
32 7745.0
11 11142.0
33 7920.0
11 7367.0
34 10349.0
36 8486.0
30 13721.0
46 7461.0
47 7671.0
49 7788.0
12 7690.0
37 11234.0
10 7648.0
25 8003.0
3 25271.0
31 21296.0
26 13072.0
45 7961.0
8 7811.0
42 7741.0
1 8002.0
20 12246.0
36 7377.0
3 7248.0
5 9878.0
41 7559.0
29 7603.0
1 7173.0
10 9677.0
25 7506.0
35 321734.0
32 33389.0
18 8355.0
24 12346.0
42 7279.0
11 7246.0
26 7988.0
17 7621.0
47 11412.0
8 7184.0
7 7337.0
39 13967.0
42 11840.0
9 11446.0
7 9074.0
42 7034.0
43 6992.0
49 6219.0
2 7238.0
12 7103.0
13 10298.0
20 7397.0
2 6535.0
24 7384.0
39 7396.0
21 27553.0
19 7390.0
43 9833.0
41 6340.0
14 6592.0
36 7123.0
9 6511.0
30 11083.0
42 6459.0
25 13527.0
20 9816.0
34 8366.0
32 10581.0
1 5301.0
12 5214.0
42 5216.0
17 5798.0
27 7971.0
35 5117.0
43 5335.0
18 8492.0
33 5847.0
23 7728.0
29 32050.0
30 13901.0
42 7430.0
18 6804.0
22 6773.0
22 5921.0
28 5733.0
20 6157.0
7 6037.0
27 9801.0
16 6215.0
1 6101.0
41 5877.0
14 6468.0
48 9822.0
40 6024.0
18 5399.0
11 6338.0
9 6455.0
16 9934.0
4 6199.0
6 9287.0
40 7201.0
19 8057.0
48 6945.0
13 7396.0
12 11143.0
21 6716.0
14 7177.0
12 7128.0
16 11880.0
35 9751.0
17 6700.0
28 6674.0
28 7345.0
46 6282.0
30 9849.0
15 6939.0
21 6625.0
13 6525.0
8 5863.0
48 9695.0
13 6443.0
24 6382.0
14 10468.0
37 6468.0
36 9978.0
35 6588.0
14 6591.0
11 6097.0
29 5709.0
21 59342.0
11 7962.0
12 6948.0
46 6262.0
21 6160.0
9 10002.0
41 6248.0
20 6268.0
9 6151.0
48 5990.0
18 9802.0
3 5450.0
2 5231.0
19 6134.0
8 5837.0
43 9068.0
35 5908.0
25 19241.0
18 6586.0
49 6126.0
29 6443.0
44 6201.0
38 6438.0
25 6225.0
17 6238.0
19 6391.0
32 5874.0
32 9621.0
36 6492.0
4 6470.0
45 6105.0
32 6521.0
28 10228.0
7 6718.0
49 6201.0
46 6273.0
21 7065.0
1 9360.0
42 5820.0
43 5732.0
29 5455.0
34 5066.0
2 8369.0
35 6208.0
32 5575.0
21 6419.0
14 6371.0
48 9130.0
42 6525.0
48 9226.0
6 5165.0
16 6108.0
32 5739.0
17 5636.0
2 8201.0
47 5020.0
7 5095.0
5 5297.0
2 5023.0
37 7815.0
18 5325.0
14 7449.0
37 5293.0
15 7508.0
8 7553.0
13 7237.0
7 9156.0
17 5808.0
32 5060.0
15 5527.0
21 4926.0
48 8400.0
34 5888.0
5 6213.0
2 5555.0
35 7326.0
9 10100.0
5 5768.0
47 5212.0
30 4946.0
41 4903.0
34 8317.0
3 5372.0
31 9102.0
28 5924.0
12 5436.0
3 6123.0
22 5377.0
10 7787.0
21 4535.0
42 5105.0
22 5051.0
49 4689.0
44 7508.0
45 4861.0
3 4737.0
2 4753.0
30 4634.0
19 7417.0
11 4747.0
2 4548.0
37 5022.0
48 5552.0
6 9246.0
38 5415.0
45 4791.0
24 5448.0
2 4805.0
39 10306.0
35 5282.0
44 10308.0
45 5748.0
9 5536.0
36 9864.0
20 6063.0
25 9003.0
13 5312.0
31 4896.0
46 5345.0
30 4457.0
14 7553.0
39 4650.0
13 4579.0
4 4769.0
36 4565.0
7 7137.0
14 4491.0
2 4352.0
45 5559.0
44 4994.0
34 7360.0
9 4684.0
13 4470.0
10 4769.0
24 4695.0
13 7663.0
22 4736.0
35 4707.0
43 5241.0
11 4972.0
32 10974.0
9 5131.0
20 3568.0
45 4964.0
25 3526.0
46 5112.0
43 3202.0
14 3129.0
38 3722.0
14 5267.0
24 8885.0
40 5594.0
37 5531.0
18 5278.0
35 5731.0
8 8735.0
5 5604.0
47 5552.0
32 5179.0
25 6437.0
25 8800.0
11 7219.0
23 5728.0
10 5402.0
4 5799.0
21 9837.0
36 6357.0
18 5637.0
16 6066.0
44 6201.0
28 10000.0
29 6181.0
29 5609.0
1 6073.0
7 5797.0
44 9337.0
29 6648.0
3 6167.0
16 5994.0
10 5016.0
32 8830.0
10 5726.0
46 5518.0
48 5720.0
31 5054.0
47 8532.0
38 5113.0
37 5090.0
39 6351.0
43 4711.0
44 7280.0
9 6639.0
46 10120.0
19 5718.0
4 4306.0
1 7128.0
1 4449.0
10 7217.0
37 4246.0
19 4234.0
47 4859.0
5 4286.0
23 7101.0
42 4518.0
40 5143.0
25 5227.0
4 5170.0
34 9335.0
24 5301.0
31 6913.0
26 5837.0
11 9507.0
43 11657.0
29 6333.0
49 5983.0
28 5974.0
19 5405.0
13 8616.0
15 5267.0
40 6014.0
10 5297.0
8 5169.0
31 8804.0
8 5387.0
6 6985.0
24 5586.0
12 3941.0
10 6086.0
26 3175.0
47 7412.0
32 3129.0
23 3105.0
32 3213.0
10 3147.0
18 13480.0
39 6348.0
36 6263.0
11 6235.0
46 5923.0
27 10079.0
37 6017.0
47 5858.0
14 5819.0
24 8403.0
18 8935.0
33 6033.0
13 5368.0
25 5592.0
17 5567.0
32 9144.0
18 5117.0
39 5434.0
49 5412.0
15 5960.0
26 9090.0
40 5482.0
6 5772.0
49 5528.0
4 5071.0
22 7499.0
42 4559.0
22 4380.0
18 4359.0
4 4379.0
20 12607.0
33 6147.0
23 5665.0
3 9079.0
41 6699.0
12 11482.0
4 5849.0
12 5879.0
46 5728.0
2 5609.0
49 5511.0
15 5274.0
6 8010.0
38 5224.0
1 5148.0
15 10725.0
46 5465.0
22 5372.0
36 5256.0
10 5393.0
35 8355.0
16 5087.0
37 4476.0
19 4921.0
43 5936.0
23 8996.0
4 5111.0
35 5375.0
30 5514.0
21 5486.0
12 5494.0
34 5107.0
46 8721.0
21 5537.0
22 5812.0
9 8371.0
28 5240.0
29 7756.0
47 6695.0
37 7371.0
28 4821.0
14 4639.0
42 5086.0
24 4971.0
37 7200.0
22 5306.0
42 4998.0
17 5364.0
28 8007.0
9 7724.0
21 5153.0
21 4999.0
3 4811.0
41 4763.0
30 7152.0
38 16442.0
18 42053.0
2 16086.0
49 6630.0
13 9288.0
20 5722.0
15 5269.0
49 5494.0
26 5333.0
49 8471.0
19 5376.0
37 5192.0
36 5277.0
45 5990.0
46 8919.0
38 5334.0
43 5189.0
34 5129.0
18 5655.0
17 8284.0
2 5059.0
29 5219.0
27 5303.0
41 5505.0
40 7942.0
22 5266.0
19 5001.0
34 5113.0
3 4944.0
11 11305.0
23 5031.0
2 5007.0
38 4475.0
35 4584.0
7 8285.0
21 5188.0
7 6481.0
47 4681.0
48 4430.0
29 8105.0
8 4665.0
18 7451.0
18 4500.0
7 4963.0
6 4926.0
42 5048.0
5 7502.0
38 5002.0
41 4946.0
5 5760.0
27 5088.0
35 7788.0
25 4957.0
41 4614.0
34 4786.0
21 4694.0
40 7178.0
40 4607.0
16 4542.0
36 4808.0
40 4511.0
41 6846.0
31 4770.0
47 4453.0
31 4866.0
30 4758.0
5 8035.0
44 4711.0
9 7535.0
2 4830.0
2 4424.0
9 7274.0
25 4695.0
34 4789.0
6 4673.0
34 5106.0
2 7395.0
22 4587.0
47 4489.0
36 4477.0
48 6353.0
24 7239.0
19 4502.0
18 7020.0
41 4615.0
11 5900.0
5 4707.0
29 4545.0
11 9549.0
31 4951.0
1 4458.0
41 4511.0
25 4398.0
35 7194.0
4 4678.0
10 4641.0
15 4662.0
42 4818.0
6 7894.0
28 4784.0
4 5042.0
1 5051.0
45 4689.0
29 7832.0
11 4699.0
36 4420.0
37 4707.0
22 5703.0
3 7587.0
19 4696.0
4 4465.0
27 6347.0
27 5373.0
28 7525.0
22 4837.0
22 4391.0
19 4450.0
1 4218.0
14 7083.0
40 4253.0
7 4275.0
48 4212.0
13 4427.0
39 4773.0
16 4515.0
24 7540.0
9 4416.0
16 4191.0
2 21126.0
21 26487.0
8 15182.0
48 6352.0
49 6524.0
44 5843.0
15 5683.0
25 35832.0
19 4840.0
1 4733.0
13 4685.0
3 4303.0
37 7186.0
36 20780.0
8 7680.0
27 6617.0
40 5876.0
31 7976.0
28 4886.0
48 4721.0
8 4778.0
4 4384.0
27 7520.0
48 4453.0
4 4263.0
46 4617.0
37 4494.0
35 7567.0
13 4466.0
33 4300.0
45 4533.0
16 4071.0
14 8096.0
35 4910.0
40 22181.0
2 7877.0
4 5450.0
48 8805.0
29 4764.0
15 8310.0
7 4889.0
41 5021.0
1 5100.0
26 6511.0
10 9438.0
37 5734.0
43 5252.0
3 5403.0
12 5704.0
17 8857.0
33 5962.0
12 5504.0
5 5025.0
37 4244.0
33 38425.0
48 5459.0
48 8200.0
41 4500.0
7 4218.0
49 4455.0
3 6634.0
5 10871.0
43 6245.0
24 6470.0
33 6154.0
44 6765.0
36 11367.0
6 5697.0
31 6088.0
49 5922.0
12 6030.0
40 7430.0
7 4762.0
44 4480.0
32 4835.0
32 4372.0
34 8444.0
13 4360.0
27 4410.0
31 5114.0
21 4884.0
32 8475.0
34 4723.0
10 4408.0
1 7799.0
8 4922.0
14 4797.0
44 4923.0
39 6909.0
35 10744.0
30 5178.0
45 8119.0
46 5081.0
11 20223.0
4 6780.0
34 6500.0
19 13113.0
13 6962.0
42 6150.0
19 5223.0
18 12127.0
6 45255.0
42 5114.0
30 4588.0
14 4433.0
12 4096.0
27 7926.0
15 4240.0
27 4033.0
42 4012.0
42 9386.0
43 10389.0
13 4718.0
46 4418.0
30 4485.0
38 4134.0
26 23037.0
27 4300.0
49 6812.0
47 4271.0
7 4089.0
47 4130.0
35 4097.0
8 6583.0
45 3944.0
38 3822.0
39 3974.0
18 3809.0
26 6224.0
23 5006.0
14 5662.0
6 4501.0
31 4330.0
19 6606.0
16 3950.0
38 3910.0
40 3740.0
49 3961.0
43 6615.0
40 4056.0
35 3664.0
24 3938.0
37 4105.0
33 6485.0
38 3768.0
40 3879.0
11 4698.0
35 4545.0
39 6654.0
15 3860.0
7 4266.0
48 4416.0
36 16861.0
14 14134.0
46 5562.0
45 5195.0
40 4753.0
48 4179.0
40 7783.0
39 4585.0
3 3688.0
29 4130.0
39 3417.0
18 6337.0
29 3661.0
2 3773.0
23 3834.0
48 3525.0
20 6312.0
22 3504.0
30 3357.0
18 123995.0
14 4375.0
48 9506.0
17 3377.0
30 3051.0
45 3156.0
16 3404.0
10 6705.0
6 3388.0
42 3658.0
17 3112.0
32 2621.0
9 5321.0
3 2648.0
9 2814.0
17 3032.0
41 2842.0
11 5228.0
23 2740.0
28 2804.0
30 2977.0
49 2498.0
46 2577.0
29 2505.0
4 5176.0
37 3484.0
32 3618.0
22 3834.0
47 3167.0
22 6374.0
22 2238.0
17 1823.0
3 1648.0
1 1649.0
13 3633.0
2 1528.0
39 1671.0
39 1850.0
8 1623.0
39 1952.0
44 1501.0
45 3644.0
26 1800.0
12 1700.0
25 1738.0
1 1752.0
18 3550.0
26 1832.0
3 1630.0
12 1752.0
44 1567.0
40 3396.0
24 1779.0
34 1586.0
24 1625.0
45 1700.0
13 3453.0
28 1692.0
16 1673.0
24 1746.0
13 1651.0
24 3736.0
48 1626.0
31 3357.0
44 1712.0
42 1705.0
17 3626.0
1 1868.0
48 1765.0
39 1547.0
5 1637.0
2 3637.0
15 1689.0
4 1703.0
37 1583.0
21 1617.0
30 3674.0
35 1732.0
10 3333.0
16 2060.0
27 1590.0
27 1691.0
28 1676.0
9 3189.0
42 1652.0
41 1577.0
48 3648.0
13 10529.0
39 2092.0
42 1641.0
19 1588.0
37 3637.0
33 1419.0
34 3208.0
28 1680.0
22 1605.0
43 3560.0
12 2274.0
13 3344.0
45 1902.0
14 3903.0
22 6711.0
19 2914.0
37 5650.0
25 3579.0
9 3068.0
6 3323.0
4 3232.0
42 6323.0
12 3488.0
48 2986.0
32 18916.0
13 3503.0
28 6040.0
33 3347.0
10 3146.0
29 4007.0
45 3684.0
32 19115.0
38 12878.0
9 4150.0
7 4089.0
5 3329.0
43 6668.0
18 4047.0
29 3344.0
21 3419.0
36 3429.0
36 6663.0
45 5091.0
36 3392.0
31 4259.0
16 3861.0
12 7230.0
31 3847.0
16 3620.0
6 4328.0
45 4018.0
39 6992.0
44 2848.0
44 2691.0
18 2789.0
1 2678.0
32 5051.0
24 2585.0
13 2592.0
14 2571.0
12 2453.0
46 3021.0
49 2730.0
1 4932.0
20 2497.0
34 2512.0
26 2890.0
41 2306.0
4 4925.0
15 3237.0
14 2654.0
9 2765.0
38 2704.0
31 5218.0
12 2691.0
39 2530.0
45 2771.0
26 2441.0
7 4798.0
18 2552.0
13 2368.0
21 2640.0
22 3275.0
8 5464.0
40 2500.0
8 2980.0
27 2635.0
2 2660.0
41 5046.0
1 2610.0
10 2595.0
34 2483.0
37 2598.0
21 4922.0
15 4198.0
39 2815.0
45 3083.0
23 3199.0
42 6276.0
23 3146.0
12 2948.0
22 3561.0
48 54586.0
27 10510.0
12 3747.0
