First MST125 274650.0
135 99514.0
14 17044.0
24 25586.0
8 17504.0
1 20488.0
23 20724.0
2 53600.0
27 29157.0
235 74317.0
36 22938.0
13 15706.0
5 15872.0
220 44564.0
38 17324.0
42 15196.0
19 14226.0
32 15319.0
17 14702.0
24 14057.0
46 15361.0
31 19482.0
22 17730.0
29 12985.0
6 12667.0
47 15305.0
37 12846.0
12 12634.0
2 12876.0
32 12892.0
42 24322.0
20 17287.0
20 31565.0
2 32007.0
15 13390.0
46 12447.0
146 41303.0
39 19831.0
6 16039.0
6 13732.0
32 12883.0
15 16208.0
44 14486.0
47 12517.0
37 14221.0
38 12556.0
32 33693.0
45 17245.0
15 18178.0
7 31498.0
36 16805.0
43 15965.0
25 23207.0
18 50422.0
5 19567.0
1 13047.0
13 11639.0
28 11941.0
31 14687.0
32 11348.0
11 15530.0
33 15285.0
11 12030.0
34 22465.0
36 15603.0
30 12066.0
46 12284.0
47 22150.0
49 17186.0
12 16148.0
32 17736.0
29 19782.0
20 18362.0
23 15513.0
16 20316.0
2 15603.0
29 18093.0
14 15944.0
29 15705.0
23 15598.0
16 15614.0
45 17799.0
49 19922.0
28 22164.0
12 17424.0
14 19804.0
13 15364.0
15 14885.0
8 31492.0
42 17175.0
25 18138.0
38 16392.0
43 28773.0
41 19259.0
17 14618.0
42 13376.0
38 11243.0
8 10947.0
7 10630.0
39 10727.0
42 10492.0
9 12871.0
7 10856.0
42 11349.0
43 12975.0
49 12807.0
2 28569.0
12 12092.0
13 12477.0
20 10846.0
2 16754.0
24 14201.0
39 36354.0
21 13981.0
19 15241.0
43 19071.0
41 16683.0
14 17660.0
36 14121.0
9 14014.0
30 13863.0
42 14383.0
25 11350.0
20 19565.0
34 16505.0
32 10855.0
1 23023.0
12 23042.0
42 15081.0
17 13044.0
27 12865.0
35 20226.0
43 13252.0
18 10739.0
33 12710.0
23 9742.0
29 27334.0
30 16292.0
42 13649.0
18 13118.0
22 13165.0
22 12731.0
28 17972.0
20 11273.0
7 12233.0
21 11393.0
2 13653.0
17 25508.0
29 13168.0
48 13676.0
40 15556.0
18 15176.0
4 12216.0
26 24055.0
25 13114.0
4 12828.0
39 13352.0
24 13937.0
25 14002.0
13 13636.0
12 13442.0
21 17254.0
14 13544.0
12 9325.0
16 12278.0
35 13140.0
17 12180.0
28 12868.0
28 10923.0
46 57515.0
30 26212.0
15 7425.0
21 19255.0
13 10000.0
8 10732.0
48 12862.0
13 9641.0
24 10719.0
14 10006.0
37 9212.0
36 9104.0
35 9263.0
9 9161.0
46 12426.0
36 9806.0
34 9185.0
21 12755.0
43 10034.0
2 10720.0
10 10442.0
19 30341.0
31 16981.0
11 12260.0
47 11865.0
15 17640.0
46 16716.0
1 10880.0
20 15705.0
11 14074.0
33 11488.0
17 12109.0
40 11489.0
35 17924.0
49 11069.0
29 62617.0
44 14027.0
38 11180.0
25 11760.0
17 8075.0
19 7564.0
32 7203.0
32 7564.0
36 7191.0
4 9368.0
45 7383.0
32 7133.0
28 7415.0
7 7184.0
49 6886.0
46 7144.0
21 11210.0
1 10026.0
42 23472.0
43 7571.0
29 9778.0
34 6803.0
2 7207.0
35 7268.0
32 7353.0
21 7091.0
14 12097.0
48 29732.0
42 36200.0
48 9068.0
6 23686.0
16 7137.0
32 6681.0
17 9118.0
2 26422.0
47 6937.0
7 9813.0
5 6810.0
2 6386.0
34 8751.0
23 9935.0
18 8881.0
48 6357.0
12 6080.0
35 6050.0
21 5860.0
22 5594.0
5 9828.0
15 5903.0
24 5675.0
31 9036.0
34 8960.0
11 7176.0
34 6312.0
34 5852.0
40 5719.0
18 5772.0
33 5844.0
26 8849.0
41 5959.0
34 5473.0
3 5913.0
31 5597.0
35 6424.0
42 5712.0
38 5687.0
10 7586.0
21 8690.0
42 7752.0
22 13542.0
49 7766.0
44 8774.0
45 6118.0
3 5855.0
2 5573.0
30 5745.0
19 7684.0
11 11944.0
2 8477.0
37 7363.0
48 11120.0
6 19242.0
38 7872.0
45 7726.0
24 7324.0
2 7379.0
39 7282.0
35 7084.0
44 12110.0
45 17685.0
9 6327.0
36 9008.0
20 5838.0
25 8158.0
13 16134.0
31 6368.0
46 8184.0
30 5759.0
14 7122.0
39 22174.0
13 5520.0
4 5533.0
36 5144.0
7 5029.0
14 4669.0
2 5048.0
45 5123.0
44 7309.0
34 7968.0
9 7500.0
13 11427.0
10 8015.0
24 7921.0
13 9024.0
22 8801.0
35 11343.0
13 9225.0
17 8714.0
42 12593.0
33 8338.0
26 8032.0
25 12123.0
49 9594.0
30 8160.0
23 9100.0
4 8564.0
10 11271.0
47 35159.0
37 7441.0
38 8188.0
18 7413.0
21 10415.0
30 7280.0
47 7446.0
5 11368.0
37 67783.0
24 19758.0
35 7978.0
45 9045.0
5 14915.0
43 4613.0
15 4288.0
38 6207.0
27 4431.0
49 6471.0
49 6505.0
12 4476.0
11 4079.0
20 4154.0
44 3909.0
45 3809.0
1 4218.0
5 3968.0
46 6441.0
4 4016.0
10 3687.0
32 3967.0
10 3763.0
46 7245.0
48 4128.0
31 3747.0
47 6008.0
38 4222.0
7 3767.0
26 3952.0
9 4156.0
7 6204.0
39 4039.0
28 3839.0
33 7346.0
35 4126.0
44 3816.0
4 4264.0
36 4899.0
43 4412.0
33 4368.0
28 4090.0
19 6240.0
37 5345.0
22 6505.0
11 8481.0
7 4210.0
26 4319.0
24 16374.0
31 5961.0
26 6059.0
11 6575.0
43 6867.0
29 11113.0
49 7127.0
28 6628.0
19 10848.0
13 6844.0
15 9134.0
40 6564.0
10 6571.0
8 10999.0
31 6575.0
8 6338.0
6 9776.0
24 6773.0
12 6430.0
10 9915.0
26 7847.0
47 6449.0
32 6802.0
23 6828.0
32 9610.0
10 6719.0
18 6501.0
39 9345.0
3 8734.0
16 6524.0
27 6677.0
37 6389.0
47 4330.0
14 4292.0
24 4169.0
18 6559.0
8 4516.0
49 4047.0
37 6508.0
45 11765.0
2 4820.0
2 4381.0
5 4049.0
36 4174.0
40 4120.0
28 3879.0
39 6589.0
14 4167.0
43 3911.0
47 6425.0
30 4059.0
16 3889.0
45 6169.0
34 5771.0
2 8798.0
32 5748.0
33 5538.0
14 8812.0
39 5893.0
31 7943.0
36 7538.0
16 6387.0
45 7950.0
29 4947.0
31 4169.0
30 6400.0
18 4012.0
27 12432.0
34 6396.0
27 3909.0
4 3943.0
40 3837.0
36 3612.0
35 3678.0
4 3873.0
27 3824.0
8 5716.0
20 3968.0
49 4010.0
11 6074.0
43 3785.0
35 3695.0
30 3724.0
21 17443.0
12 9021.0
34 7302.0
46 6963.0
21 8482.0
22 5210.0
9 20912.0
28 5761.0
29 5428.0
47 5343.0
37 5303.0
28 6756.0
14 9498.0
42 5487.0
24 5521.0
37 4053.0
22 3641.0
42 3585.0
17 5496.0
28 3882.0
9 5974.0
8 7943.0
39 6645.0
15 14371.0
24 6280.0
21 6301.0
3 6067.0
1 6325.0
18 6111.0
26 5987.0
25 6249.0
16 18140.0
10 6388.0
48 6128.0
41 9480.0
17 6322.0
32 6067.0
7 6280.0
33 6420.0
22 5918.0
35 17460.0
40 83381.0
18 15452.0
9 5252.0
33 4349.0
34 6406.0
26 4035.0
45 3899.0
33 4097.0
40 3908.0
22 3925.0
19 3997.0
34 3867.0
3 5893.0
11 3906.0
23 4031.0
2 6241.0
38 3789.0
35 4031.0
26 3872.0
41 3879.0
1 5935.0
17 3953.0
3 3596.0
21 6053.0
49 4608.0
23 3852.0
13 4047.0
48 3784.0
28 3839.0
11 3776.0
22 6215.0
36 9209.0
19 5455.0
36 7485.0
33 5419.0
15 5275.0
6 5235.0
49 5404.0
31 5279.0
14 8190.0
13 5672.0
6 5326.0
5 8566.0
14 6308.0
28 5255.0
5 5408.0
16 5440.0
19 34952.0
30 6330.0
35 6593.0
12 9910.0
42 5415.0
2 5352.0
2 5430.0
9 5389.0
25 5275.0
34 5559.0
6 5375.0
34 7982.0
2 5222.0
22 4906.0
47 8876.0
36 18907.0
48 5361.0
24 8449.0
19 7516.0
18 6717.0
41 5840.0
42 5632.0
2 9815.0
21 6112.0
18 7815.0
34 8911.0
40 5287.0
31 5294.0
4 5713.0
21 5589.0
11 5291.0
36 5569.0
40 5545.0
39 9635.0
27 5256.0
18 5005.0
38 5213.0
46 4869.0
26 5034.0
47 4977.0
30 5030.0
27 5474.0
18 5455.0
8 4973.0
11 8120.0
24 5382.0
45 10801.0
1 8466.0
16 6055.0
29 5839.0
26 6079.0
40 8119.0
1 10431.0
14 5695.0
40 7219.0
7 8559.0
48 5910.0
13 5598.0
39 5675.0
16 5422.0
24 10863.0
9 5494.0
16 5773.0
2 10327.0
21 5714.0
8 5467.0
48 5202.0
32 5328.0
35 5004.0
20 5192.0
33 4962.0
6 30949.0
15 6081.0
2 5198.0
12 8966.0
48 5148.0
9 5001.0
48 5116.0
44 4807.0
20 4753.0
1 15079.0
40 6521.0
1 9949.0
7 5113.0
33 5055.0
43 11235.0
20 5683.0
13 5633.0
44 6218.0
7 5589.0
15 4761.0
47 5093.0
1 5179.0
43 7643.0
13 5023.0
36 4732.0
9 7998.0
20 5201.0
8 5136.0
3 5142.0
41 4843.0
28 7613.0
21 5270.0
18 5074.0
44 7873.0
14 4963.0
11 4779.0
28 5184.0
4 5035.0
8 4690.0
35 10283.0
49 5843.0
47 7711.0
32 5786.0
27 5488.0
20 8826.0
8 5247.0
18 5374.0
37 10611.0
4 11288.0
23 7022.0
2 5932.0
15 5265.0
5 10869.0
43 5293.0
24 5170.0
33 8957.0
3 6952.0
24 6432.0
18 6695.0
12 6207.0
8 10096.0
1 27713.0
36 6518.0
10 6197.0
20 6099.0
17 6229.0
3 5903.0
13 6972.0
24 9660.0
40 6491.0
30 6292.0
13 9815.0
34 6408.0
10 6474.0
1 6125.0
8 7055.0
14 6802.0
44 6714.0
39 6779.0
35 10392.0
30 6326.0
45 12500.0
46 9892.0
11 6043.0
4 6393.0
34 6946.0
19 7215.0
13 10362.0
42 6018.0
19 5551.0
18 9208.0
6 5611.0
42 5773.0
30 6425.0
14 5848.0
12 5651.0
6 5544.0
37 5788.0
38 8625.0
32 5499.0
19 5391.0
36 8789.0
29 6548.0
18 14690.0
31 6846.0
36 6524.0
33 9447.0
1 6729.0
3 5879.0
35 11776.0
34 5950.0
26 5939.0
43 7885.0
38 5570.0
10 5300.0
19 5441.0
23 5385.0
31 10301.0
17 5916.0
29 5880.0
13 9387.0
29 7790.0
12 6184.0
20 6374.0
7 6130.0
23 9544.0
35 6095.0
19 5629.0
49 10141.0
31 5690.0
15 5887.0
10 6137.0
20 5614.0
34 5592.0
33 5415.0
23 5365.0
34 7780.0
12 5976.0
40 97620.0
30 14397.0
21 5792.0
36 5734.0
14 5435.0
46 5153.0
45 5239.0
40 6042.0
48 5663.0
40 8921.0
39 5364.0
3 5521.0
25 8926.0
32 5197.0
8 5175.0
14 5742.0
47 6063.0
19 9556.0
16 5792.0
9 5356.0
30 10613.0
13 5387.0
3 5353.0
29 10674.0
42 13257.0
28 9562.0
8 8343.0
35 5069.0
39 8875.0
37 5696.0
34 5025.0
36 5841.0
2 8814.0
49 8516.0
19 5530.0
18 10405.0
11 29683.0
26 6627.0
3 8197.0
5 10188.0
7 5110.0
13 4879.0
32 8128.0
31 11988.0
26 17043.0
40 6049.0
22 7121.0
9 30331.0
23 7977.0
40 9386.0
20 8730.0
33 5018.0
22 5060.0
49 7215.0
29 5173.0
10 8429.0
25 7427.0
23 9054.0
39 13921.0
39 5325.0
36 4730.0
43 5244.0
26 5477.0
30 9534.0
41 9636.0
13 7223.0
43 9112.0
3 5460.0
37 4989.0
42 5525.0
1 6625.0
37 10914.0
4 15500.0
24 6473.0
34 9552.0
24 5412.0
45 5126.0
13 5439.0
28 5430.0
16 5387.0
24 5805.0
13 5405.0
24 9530.0
48 5545.0
31 5575.0
44 9157.0
42 4999.0
17 5208.0
1 5790.0
48 5399.0
39 4871.0
5 6336.0
2 5986.0
15 5892.0
4 5740.0
37 5409.0
21 8925.0
30 5761.0
35 5426.0
10 9948.0
16 5483.0
4 5089.0
32 5657.0
3 5323.0
31 5360.0
38 5583.0
43 32177.0
5 14775.0
16 5916.0
20 5328.0
19 9111.0
44 5375.0
26 5560.0
26 5750.0
21 5469.0
44 7623.0
19 5842.0
17 5728.0
43 10970.0
16 5644.0
29 5118.0
48 9003.0
10 5397.0
24 5130.0
25 4801.0
14 4303.0
8 4366.0
25 4412.0
1 5184.0
42 9396.0
12 5667.0
48 5210.0
32 8281.0
13 5300.0
28 5200.0
33 5756.0
10 5190.0
29 5120.0
45 5697.0
32 5357.0
38 8719.0
9 5546.0
19 5333.0
44 8698.0
33 5475.0
24 5415.0
40 6540.0
49 5688.0
36 5308.0
45 5042.0
36 5094.0
31 9445.0
16 4604.0
12 4981.0
31 8258.0
16 4845.0
6 4511.0
45 4923.0
39 4942.0
44 4933.0
44 4963.0
18 4544.0
1 7595.0
32 4613.0
24 4722.0
13 8664.0
14 4807.0
12 4635.0
34 4972.0
1 4898.0
20 4738.0
34 5192.0
26 4888.0
39 8408.0
17 4930.0
34 5071.0
1 9244.0
48 4889.0
47 5434.0
21 4993.0
44 5125.0
4 4797.0
28 5025.0
37 4626.0
29 7773.0
40 4947.0
46 5053.0
23 4737.0
7 4695.0
36 120681.0
20 5130.0
36 4078.0
2 6874.0
37 4087.0
4 3906.0
41 6939.0
3 3832.0
22 3454.0
15 4333.0
27 4771.0
22 6683.0
7 3597.0
14 3831.0
42 3652.0
23 3376.0
12 3384.0
22 3408.0
48 3414.0
27 5936.0
12 3659.0
42 3381.0
47 7072.0
37 3499.0
3 3296.0
45 3478.0
18 3295.0
14 3042.0
33 3548.0
26 5415.0
38 3301.0
33 3432.0
17 3435.0
14 6009.0
26 3818.0
48 4132.0
30 7145.0
4 3617.0
21 3503.0
35 3657.0
15 3564.0
3 3623.0
30 3727.0
30 3516.0
34 40385.0
