First MST3168 3659011.0
28 53878.0
14 10637.0
24 10895.0
14 23698.0
10 30491.0
14 9366.0
9 7186.0
49 6725.0
22 6563.0
29 7029.0
8 16779.0
41 7575.0
12 11719.0
9 9430.0
8 14702.0
34 16087.0
23 9211.0
32 11015.0
17 6855.0
24 12307.0
46 26854.0
31 11535.0
22 15742.0
46 26417.0
3 11362.0
16 12529.0
22 10410.0
13 14043.0
45 23405.0
27 10687.0
40 11266.0
13 10878.0
8 10529.0
16 11423.0
23 10536.0
13 15504.0
1 11375.0
29 10390.0
11 13019.0
6 10353.0
6 17363.0
32 11354.0
15 9241.0
36 10437.0
28 10163.0
12 10401.0
24 9771.0
33 9939.0
3 14616.0
43 9837.0
23 11231.0
35 16291.0
4 8184.0
14 10790.0
42 8585.0
4 8200.0
11 8125.0
3 7850.0
9 7908.0
21 7768.0
34 18323.0
28 11598.0
1 8848.0
23 232194.0
26 12483.0
22 9001.0
49 12397.0
37 8134.0
39 7863.0
36 8565.0
25 8033.0
49 12050.0
32 8325.0
29 8427.0
20 8449.0
23 53303.0
16 28024.0
2 5264.0
29 4686.0
14 4198.0
29 4612.0
23 6883.0
16 4081.0
45 4259.0
49 7237.0
28 4117.0
12 4264.0
14 4223.0
13 4212.0
15 6336.0
8 4116.0
42 3984.0
25 4603.0
38 4724.0
19 7600.0
29 24720.0
33 4820.0
15 4865.0
4 5465.0
39 7690.0
47 5744.0
36 4930.0
37 8729.0
47 7133.0
17 11324.0
15 8926.0
17 6677.0
5 7860.0
28 6462.0
25 10067.0
27 6374.0
16 6201.0
30 6337.0
30 5838.0
27 8145.0
26 5647.0
36 5764.0
29 8544.0
40 5603.0
31 5664.0
14 5720.0
46 5573.0
3 9230.0
29 6883.0
36 7301.0
26 29535.0
19 6002.0
24 7758.0
13 4170.0
3 4122.0
12 3921.0
39 8133.0
20 13120.0
22 5129.0
23 3978.0
34 4188.0
48 4313.0
25 6206.0
5 4074.0
13 4030.0
39 4306.0
32 4199.0
48 6292.0
31 4930.0
43 3756.0
36 6108.0
42 3990.0
9 4056.0
21 4055.0
2 3883.0
17 5950.0
29 3913.0
35 4266.0
24 4088.0
1 4080.0
33 6051.0
3 4009.0
38 3818.0
5 5641.0
41 8190.0
48 9033.0
20 3938.0
25 4017.0
19 7585.0
45 6720.0
10 12220.0
38 18235.0
49 6667.0
18 7067.0
6 13503.0
20 6410.0
11 5728.0
8 7503.0
41 12859.0
36 6890.0
35 6747.0
34 5665.0
38 6008.0
42 9999.0
22 5814.0
7 5248.0
23 5836.0
36 5126.0
3 7819.0
41 7378.0
40 5188.0
36 5279.0
41 5070.0
3 4972.0
13 5276.0
5 20350.0
26 4198.0
46 3627.0
47 5649.0
4 3436.0
19 3236.0
31 4223.0
11 3790.0
47 3572.0
15 3570.0
46 5255.0
1 38307.0
20 9368.0
11 10523.0
33 5795.0
17 6858.0
40 6331.0
35 5831.0
28 10588.0
47 27110.0
36 6611.0
35 10248.0
25 6415.0
18 5958.0
35 5478.0
41 5618.0
33 9271.0
5 5900.0
24 5574.0
36 6250.0
14 7199.0
41 9378.0
29 5579.0
34 5744.0
5 5991.0
30 5897.0
42 11465.0
1 5693.0
38 6003.0
1 9066.0
5 5572.0
22 6245.0
35 6417.0
36 6119.0
20 9402.0
32 5647.0
23 7238.0
37 6083.0
30 5734.0
8 8179.0
40 5414.0
46 5374.0
38 6154.0
48 5555.0
35 6740.0
26 5683.0
43 5367.0
5 8716.0
27 5515.0
32 5154.0
19 5825.0
37 7976.0
22 8298.0
6 8148.0
36 9356.0
21 7590.0
22 5765.0
5 8641.0
15 5396.0
24 5033.0
31 8632.0
34 5587.0
11 5836.0
34 5802.0
34 5407.0
40 8311.0
18 4948.0
33 4840.0
26 5284.0
13 5523.0
11 17565.0
19 6351.0
35 5259.0
42 5210.0
15 4716.0
4 8421.0
47 4681.0
10 4437.0
3 4901.0
17 4607.0
14 7249.0
17 4538.0
48 4427.0
6 7127.0
19 4374.0
29 4398.0
35 4510.0
49 4344.0
25 7568.0
9 4831.0
26 4709.0
46 5013.0
44 5469.0
44 8814.0
49 4925.0
4 5226.0
9 3558.0
17 3159.0
34 5239.0
32 3807.0
46 3374.0
26 5086.0
46 7098.0
16 7403.0
9 39766.0
13 54373.0
31 19233.0
46 4526.0
30 6775.0
14 5849.0
39 5409.0
13 6319.0
4 3294.0
36 3448.0
7 3242.0
14 3343.0
2 5327.0
45 4026.0
44 3905.0
34 3295.0
9 3090.0
13 5258.0
10 3277.0
24 3110.0
13 4954.0
22 3067.0
35 4817.0
43 3598.0
11 3260.0
32 5163.0
9 3404.0
20 3167.0
45 3350.0
25 3393.0
46 5346.0
43 3087.0
14 3125.0
38 3040.0
14 3056.0
24 2979.0
40 2913.0
37 3118.0
18 4854.0
35 3035.0
8 2962.0
5 3314.0
47 3111.0
32 4895.0
25 3084.0
25 2988.0
11 3421.0
23 2968.0
10 5026.0
4 7219.0
21 4880.0
36 10150.0
18 4109.0
16 6166.0
44 3624.0
28 3504.0
29 5835.0
29 3194.0
1 3175.0
7 3194.0
44 3521.0
29 5431.0
3 4530.0
16 3286.0
10 3158.0
32 3193.0
10 5127.0
46 3271.0
48 3189.0
31 5126.0
47 3069.0
38 3092.0
37 3333.0
39 4175.0
43 6437.0
44 3505.0
9 3269.0
46 5124.0
19 9050.0
4 9181.0
1 4029.0
1 5226.0
10 4309.0
37 3230.0
19 5545.0
47 3295.0
5 3321.0
23 3378.0
42 3062.0
40 5194.0
25 3267.0
4 2946.0
34 3661.0
24 3061.0
31 3024.0
26 3176.0
11 3072.0
43 5711.0
29 3337.0
49 3168.0
28 3225.0
19 2944.0
13 49483.0
15 6659.0
40 6007.0
10 5875.0
8 5617.0
31 10008.0
8 6207.0
6 5762.0
24 5568.0
12 5831.0
10 9039.0
26 5581.0
47 6207.0
32 5937.0
23 5651.0
32 5975.0
10 5760.0
18 5970.0
39 9864.0
36 6846.0
11 5900.0
46 6190.0
27 5907.0
37 9984.0
47 6127.0
14 6387.0
24 6122.0
18 5989.0
33 9792.0
13 6269.0
25 6472.0
17 6017.0
32 6147.0
18 7896.0
39 4874.0
49 4716.0
15 5355.0
26 5431.0
40 8835.0
6 6753.0
49 5798.0
4 5969.0
22 5204.0
42 8600.0
22 5851.0
18 5535.0
4 5396.0
20 4921.0
33 8413.0
23 5728.0
3 7216.0
41 5497.0
12 5512.0
4 5296.0
12 5328.0
46 5301.0
2 8125.0
49 4950.0
15 5360.0
6 5109.0
38 4931.0
1 14989.0
15 6380.0
46 5661.0
22 5177.0
36 4931.0
10 4582.0
35 4893.0
16 5061.0
37 8226.0
19 5512.0
43 5614.0
23 5176.0
4 4720.0
35 7840.0
30 5506.0
21 6373.0
12 5564.0
34 4952.0
46 7925.0
21 5397.0
22 4940.0
9 5613.0
28 5808.0
29 8594.0
47 5469.0
37 4938.0
28 5042.0
14 5384.0
42 7616.0
24 6157.0
37 5951.0
22 5869.0
42 5601.0
17 42744.0
28 6119.0
9 5124.0
21 12623.0
21 5626.0
3 5069.0
41 4887.0
30 4786.0
38 8499.0
18 177355.0
2 46175.0
49 20873.0
13 7433.0
20 9938.0
15 6498.0
49 6397.0
26 9714.0
49 6349.0
19 6481.0
37 5733.0
36 6100.0
45 9629.0
46 5971.0
38 5749.0
43 6137.0
34 25365.0
18 69541.0
17 7712.0
2 6482.0
29 5742.0
27 5717.0
41 9852.0
40 5454.0
22 5785.0
19 5441.0
34 5750.0
3 8469.0
11 24447.0
23 6179.0
2 6460.0
38 6666.0
35 9739.0
7 5943.0
21 5980.0
7 5832.0
47 5570.0
48 5877.0
29 5936.0
8 5707.0
18 8725.0
18 5546.0
7 5984.0
6 6301.0
42 5813.0
5 9162.0
38 5920.0
41 6096.0
5 5880.0
27 6756.0
35 9917.0
25 6034.0
41 5571.0
34 11144.0
21 6508.0
40 5862.0
40 5999.0
16 5888.0
36 9379.0
40 6120.0
41 9283.0
31 5944.0
47 5557.0
31 6018.0
30 5982.0
5 9232.0
44 5650.0
9 5662.0
2 9044.0
2 5202.0
9 6013.0
25 5775.0
34 5336.0
6 8720.0
34 5185.0
2 5998.0
22 9192.0
47 5286.0
36 5574.0
48 5282.0
24 4580.0
19 7764.0
18 4779.0
41 4711.0
11 4601.0
5 4623.0
29 7275.0
11 4971.0
31 4867.0
1 5640.0
41 4958.0
25 8376.0
35 5190.0
4 5044.0
10 7981.0
15 5324.0
42 5208.0
6 4991.0
28 5616.0
4 8556.0
1 5420.0
45 5083.0
29 5419.0
11 5440.0
36 8599.0
37 5178.0
22 4984.0
3 4987.0
19 5038.0
4 8390.0
27 5100.0
27 4738.0
28 4887.0
22 5090.0
22 8006.0
19 5173.0
1 5242.0
14 7512.0
40 4760.0
7 5029.0
48 5162.0
13 4331.0
39 7448.0
16 4468.0
24 4413.0
9 4465.0
16 4816.0
2 7865.0
21 5228.0
8 22083.0
48 7848.0
49 6217.0
44 9865.0
15 5404.0
25 4969.0
19 8036.0
1 5030.0
13 5373.0
3 10585.0
37 5374.0
36 7696.0
8 5040.0
27 8631.0
40 5379.0
31 5240.0
28 5421.0
48 7890.0
8 9537.0
4 5689.0
27 4854.0
48 7028.0
4 6254.0
46 7057.0
37 4796.0
35 4617.0
13 7682.0
33 27785.0
45 17058.0
16 5947.0
14 7955.0
35 10754.0
40 5154.0
2 4749.0
4 4910.0
48 4686.0
29 7160.0
15 7400.0
7 4873.0
41 4647.0
1 4471.0
26 7165.0
10 4498.0
37 4495.0
43 4679.0
3 4844.0
12 7850.0
17 4862.0
33 4618.0
12 4541.0
5 4637.0
37 7457.0
33 4809.0
48 4702.0
48 5137.0
41 5015.0
7 8185.0
49 4922.0
3 6815.0
5 5151.0
43 4461.0
24 4705.0
33 4541.0
44 5400.0
36 7982.0
6 4687.0
31 4536.0
49 5160.0
12 5069.0
40 7513.0
7 5466.0
44 4532.0
32 4973.0
32 4951.0
34 7749.0
13 4772.0
27 4676.0
31 8117.0
21 4745.0
32 4691.0
34 4813.0
10 4826.0
1 8112.0
8 5198.0
14 4701.0
44 5107.0
39 4663.0
35 7783.0
30 4730.0
45 4502.0
46 8387.0
11 5150.0
4 4736.0
34 4906.0
19 4946.0
13 5062.0
42 4796.0
19 7317.0
18 4435.0
6 4752.0
42 10244.0
30 4583.0
14 4515.0
12 4874.0
27 4686.0
15 5322.0
27 4495.0
42 7048.0
42 4478.0
43 25710.0
13 7782.0
46 5242.0
30 8272.0
38 4757.0
26 6156.0
27 7467.0
49 4188.0
47 4721.0
7 4538.0
47 4314.0
35 7525.0
8 4272.0
45 4112.0
38 4610.0
39 4367.0
18 8880.0
26 4083.0
23 4384.0
14 5589.0
6 162770.0
31 10119.0
19 4655.0
16 3804.0
38 3737.0
40 3389.0
49 6258.0
43 3715.0
40 4006.0
35 3784.0
24 3705.0
37 6984.0
33 3538.0
38 3622.0
40 3438.0
11 3379.0
35 3583.0
39 3472.0
15 3239.0
7 6405.0
48 3498.0
36 3269.0
14 3800.0
46 3523.0
45 5853.0
40 3608.0
48 3481.0
40 3498.0
39 3421.0
3 3506.0
29 4207.0
39 3687.0
18 6221.0
29 3495.0
2 3463.0
23 3622.0
48 3454.0
20 6549.0
22 3577.0
30 3654.0
18 3659.0
14 3763.0
48 6406.0
17 4395.0
30 3297.0
45 6503.0
16 3437.0
10 3492.0
6 3382.0
42 3662.0
17 6423.0
32 3415.0
9 3314.0
3 3700.0
9 3432.0
17 81293.0
41 65925.0
11 5383.0
23 4571.0
28 4424.0
30 8587.0
49 4341.0
46 4147.0
29 4650.0
4 4230.0
37 7493.0
32 4438.0
22 3842.0
47 3672.0
22 3588.0
22 4040.0
17 3954.0
3 3668.0
1 7117.0
13 3712.0
2 8074.0
39 3780.0
39 4430.0
8 4127.0
39 3563.0
44 7323.0
45 4310.0
26 3662.0
12 7426.0
25 3431.0
1 3927.0
18 3880.0
26 3734.0
3 7046.0
12 3742.0
44 3702.0
40 3839.0
24 3544.0
34 7310.0
24 4036.0
45 3928.0
13 4026.0
28 3787.0
16 6948.0
24 3541.0
13 8082.0
24 4194.0
48 3920.0
31 7380.0
44 5145.0
42 5715.0
17 3771.0
1 5901.0
48 8589.0
39 3942.0
5 3700.0
2 7204.0
15 3770.0
4 3448.0
37 3399.0
21 3358.0
30 6447.0
35 3177.0
10 3060.0
16 3554.0
27 3225.0
27 5800.0
28 3587.0
9 3615.0
42 6741.0
41 3615.0
48 3574.0
13 3344.0
39 4449.0
42 6254.0
19 3525.0
37 4011.0
33 3828.0
34 3625.0
28 6851.0
22 3596.0
43 3745.0
12 6708.0
13 3303.0
45 2822.0
14 3251.0
22 3371.0
19 6277.0
37 3364.0
25 3258.0
9 3120.0
6 3232.0
4 6044.0
42 3270.0
12 3277.0
48 3505.0
32 3275.0
13 5845.0
28 3128.0
33 3095.0
10 3260.0
29 3054.0
45 7007.0
32 3307.0
38 3150.0
9 3165.0
7 3259.0
5 6025.0
43 3300.0
18 2965.0
29 3245.0
21 3430.0
36 5924.0
36 3753.0
45 3383.0
36 6562.0
31 3089.0
16 3759.0
12 3948.0
31 3725.0
16 6658.0
6 3744.0
45 3445.0
39 3613.0
44 3416.0
44 6303.0
18 3479.0
1 3245.0
32 4290.0
24 3628.0
13 5980.0
14 3474.0
12 3095.0
46 3349.0
49 2934.0
1 6156.0
20 2995.0
34 2800.0
26 3362.0
41 3124.0
4 2834.0
15 3379.0
14 4748.0
9 7101.0
38 3458.0
31 3263.0
12 3508.0
39 3012.0
45 6462.0
26 3112.0
7 3471.0
18 3212.0
13 3199.0
21 6412.0
22 4417.0
8 3535.0
40 3996.0
8 3348.0
27 3548.0
2 3642.0
41 3032.0
1 6257.0
10 4545.0
34 3494.0
37 3266.0
21 3953.0
15 5984.0
39 2880.0
45 3082.0
23 3155.0
42 2788.0
23 9185.0
12 3261.0
22 2693.0
48 3059.0
27 3307.0
12 2942.0
42 3136.0
