First MST875 1512453.0
28 54107.0
14 19836.0
24 18739.0
14 36040.0
10 19089.0
14 15325.0
9 21015.0
49 12841.0
22 12412.0
29 13043.0
8 12359.0
41 15162.0
12 13206.0
9 14195.0
8 12390.0
34 18546.0
23 22009.0
32 20099.0
17 19573.0
24 23206.0
46 21814.0
31 30950.0
22 22952.0
46 19960.0
3 17834.0
16 18474.0
22 20584.0
13 17846.0
45 17373.0
27 17200.0
40 41708.0
13 21700.0
8 19897.0
16 21394.0
23 16902.0
13 38028.0
1 18670.0
29 22839.0
11 23695.0
6 17731.0
6 16719.0
32 22007.0
15 32042.0
36 17787.0
28 18943.0
12 18422.0
24 17417.0
33 19102.0
3 20050.0
43 21579.0
23 16756.0
35 17551.0
4 32169.0
14 18567.0
42 17625.0
4 16995.0
11 21186.0
3 18671.0
9 18253.0
21 19673.0
34 23237.0
28 17372.0
1 26533.0
23 21381.0
26 16089.0
22 18983.0
49 16670.0
37 16207.0
39 20930.0
36 17146.0
25 16022.0
49 71433.0
32 38776.0
29 15940.0
20 15857.0
23 16244.0
16 15736.0
2 17442.0
29 21942.0
14 20798.0
29 17640.0
23 16317.0
16 30858.0
45 14675.0
49 15129.0
28 15088.0
12 14678.0
14 15202.0
13 15261.0
15 15318.0
8 18726.0
42 24826.0
25 15343.0
38 15245.0
19 15987.0
29 17799.0
33 14571.0
15 25787.0
4 23172.0
39 14761.0
47 14163.0
36 20278.0
37 17825.0
47 19528.0
17 16628.0
15 40857.0
17 13838.0
5 13754.0
28 13678.0
25 18832.0
27 14492.0
16 14880.0
30 18144.0
30 13653.0
27 12587.0
26 14219.0
18 14448.0
39 12904.0
49 12909.0
35 13916.0
46 17473.0
29 12912.0
24 47083.0
29 20051.0
4 15760.0
33 19137.0
25 14526.0
47 14729.0
4 12894.0
4 13007.0
21 12135.0
14 16601.0
25 13264.0
36 12698.0
24 16483.0
17 13496.0
28 13066.0
4 12250.0
9 12697.0
39 12620.0
2 13434.0
42 17996.0
42 17348.0
21 14273.0
49 9307.0
4 12496.0
34 9061.0
4 9968.0
21 8799.0
2 8814.0
17 8519.0
29 8428.0
35 8726.0
24 11169.0
1 8790.0
33 8233.0
3 10843.0
38 8837.0
5 8447.0
41 9806.0
48 8961.0
20 8590.0
25 9307.0
19 8986.0
45 11222.0
10 10409.0
38 9572.0
49 10612.0
18 8871.0
6 9984.0
20 8769.0
11 8661.0
8 9221.0
41 8934.0
36 8354.0
35 10845.0
34 8758.0
38 10423.0
42 11067.0
22 12843.0
7 10994.0
23 23138.0
36 14425.0
3 17195.0
41 12904.0
40 12421.0
36 16426.0
41 14882.0
3 13978.0
13 38324.0
5 14355.0
26 13382.0
46 38945.0
47 14143.0
4 17995.0
19 19884.0
31 13125.0
11 16013.0
47 12016.0
15 11631.0
46 12951.0
1 12283.0
20 12808.0
11 66641.0
33 8419.0
17 28308.0
40 7275.0
35 6451.0
49 9418.0
29 14068.0
44 10950.0
38 7394.0
25 6336.0
17 6153.0
19 6227.0
32 5930.0
32 15141.0
36 6957.0
4 6830.0
45 8515.0
32 6332.0
28 6391.0
7 6371.0
49 62442.0
46 8247.0
21 6295.0
1 6250.0
42 8369.0
43 6183.0
29 6123.0
34 22402.0
2 7075.0
35 6141.0
32 40241.0
21 6369.0
14 5564.0
48 7808.0
42 15403.0
48 9038.0
6 5476.0
16 5451.0
32 7348.0
17 6010.0
2 5491.0
47 6394.0
7 5691.0
5 5441.0
2 5310.0
37 5791.0
18 7719.0
14 5803.0
37 7040.0
15 8596.0
8 6895.0
13 6999.0
7 7260.0
17 7207.0
32 7753.0
15 16087.0
21 5379.0
48 25908.0
34 8243.0
5 8291.0
2 8131.0
35 7385.0
9 11122.0
5 7174.0
47 42046.0
30 8139.0
41 43097.0
34 8785.0
3 7945.0
31 7314.0
28 7304.0
12 6835.0
3 7303.0
22 10920.0
10 7048.0
21 6306.0
42 7789.0
22 6623.0
49 6975.0
44 4669.0
45 4457.0
3 4273.0
2 4743.0
30 4337.0
19 12435.0
11 6338.0
2 5944.0
37 9002.0
48 5640.0
6 6759.0
38 19578.0
45 6263.0
24 5945.0
2 6446.0
39 10764.0
35 8744.0
44 5983.0
45 6040.0
9 11388.0
36 7460.0
20 6377.0
25 5936.0
13 5839.0
31 6558.0
46 5815.0
30 5823.0
14 8308.0
39 5990.0
13 5935.0
4 5794.0
36 5789.0
7 5835.0
14 7213.0
2 7030.0
45 9283.0
44 6444.0
34 5813.0
9 9167.0
13 6074.0
10 5785.0
24 5803.0
13 5571.0
22 5656.0
35 5717.0
43 7479.0
11 10486.0
32 5972.0
9 6159.0
20 9267.0
45 5647.0
25 5737.0
46 5638.0
43 26354.0
14 6198.0
38 5720.0
14 5796.0
24 10330.0
40 6312.0
37 6337.0
18 8649.0
35 4533.0
8 5424.0
5 5235.0
47 4097.0
32 7441.0
25 7766.0
25 9281.0
11 10495.0
23 5911.0
10 5894.0
4 5555.0
21 5701.0
36 5564.0
18 5623.0
16 6283.0
44 5712.0
28 5891.0
29 5217.0
29 9176.0
1 6334.0
7 5470.0
44 6000.0
29 5686.0
3 5500.0
16 5480.0
10 6891.0
32 10359.0
10 7346.0
46 5511.0
48 8907.0
31 5340.0
47 5993.0
38 5704.0
37 5826.0
39 5472.0
43 5791.0
7 6552.0
39 9866.0
28 6962.0
33 7256.0
27 10606.0
33 5587.0
31 5397.0
37 6709.0
47 6259.0
31 4191.0
39 4135.0
20 3945.0
44 6008.0
26 3827.0
36 3883.0
43 8922.0
23 6917.0
13 6291.0
8 7345.0
17 5548.0
7 5478.0
1 7379.0
28 5853.0
1 8507.0
6 5519.0
48 5519.0
26 5202.0
1 5343.0
24 5356.0
35 5342.0
2 5195.0
21 9478.0
1 5662.0
24 5520.0
38 8924.0
48 6001.0
42 9467.0
30 7181.0
27 5610.0
33 8788.0
32 7629.0
46 5272.0
27 11956.0
37 6170.0
45 5465.0
42 5852.0
15 7419.0
25 5243.0
5 5567.0
2 5164.0
21 7960.0
3 5532.0
13 5327.0
5 5425.0
44 5601.0
8 5430.0
49 6223.0
37 7148.0
45 5659.0
2 5162.0
2 5333.0
5 7815.0
36 5243.0
40 5348.0
28 8387.0
39 5759.0
14 5200.0
43 7218.0
47 5566.0
30 5388.0
16 5322.0
45 5868.0
34 9650.0
2 6103.0
32 5453.0
33 9998.0
14 4047.0
39 4216.0
31 3673.0
36 3641.0
16 3613.0
45 3659.0
29 3716.0
44 6194.0
34 3679.0
20 5921.0
44 8871.0
12 5526.0
8 5125.0
39 5147.0
32 5085.0
32 5086.0
19 5215.0
38 5057.0
30 8987.0
30 5357.0
40 5227.0
42 8279.0
10 5368.0
45 4939.0
6 5192.0
15 5170.0
32 5325.0
6 5225.0
34 5117.0
4 7446.0
19 6160.0
45 5965.0
30 9478.0
3 4472.0
23 3839.0
29 3825.0
47 6833.0
37 5767.0
28 4057.0
14 3464.0
42 5712.0
24 5460.0
37 6306.0
22 4195.0
42 3895.0
17 5846.0
28 3807.0
9 3679.0
21 6047.0
21 3895.0
3 3572.0
41 3671.0
30 3837.0
38 6586.0
18 17522.0
2 26355.0
49 12449.0
13 5157.0
20 5150.0
15 6716.0
49 3975.0
26 3856.0
49 4159.0
19 3537.0
37 3702.0
36 3772.0
45 3574.0
46 5741.0
38 3875.0
43 3603.0
34 17538.0
18 4548.0
17 3582.0
2 3790.0
29 4527.0
27 3538.0
41 4736.0
40 3522.0
22 5846.0
19 3797.0
34 3631.0
3 5834.0
11 4604.0
23 3661.0
2 3537.0
38 3394.0
35 3355.0
7 3590.0
21 3982.0
7 8570.0
47 6261.0
48 6665.0
29 290552.0
8 5976.0
18 21951.0
18 8953.0
7 5955.0
6 19924.0
42 9888.0
5 5087.0
38 8542.0
41 5019.0
5 4942.0
27 5144.0
35 4970.0
25 5263.0
41 17430.0
34 5323.0
21 8879.0
40 5194.0
40 5790.0
16 5202.0
36 6336.0
40 5041.0
41 5173.0
31 5202.0
47 9428.0
31 5382.0
30 5095.0
5 5252.0
44 5889.0
9 5696.0
2 6352.0
2 10420.0
9 12100.0
25 6949.0
34 5524.0
6 8931.0
34 5090.0
2 5171.0
22 5207.0
47 5340.0
36 5294.0
48 4984.0
24 4678.0
19 9472.0
18 5019.0
41 5837.0
11 7909.0
5 4939.0
29 4860.0
11 5020.0
31 4996.0
1 5004.0
41 4978.0
25 4865.0
35 7517.0
4 4803.0
10 6596.0
15 4947.0
42 6198.0
6 4755.0
28 6006.0
4 5724.0
1 8314.0
45 11209.0
29 5868.0
11 9181.0
36 5706.0
37 5819.0
22 11400.0
3 7763.0
19 6968.0
4 6843.0
27 5982.0
27 15512.0
28 8385.0
22 7708.0
22 11055.0
19 6947.0
1 5643.0
14 6141.0
40 6274.0
7 6830.0
48 6954.0
13 6725.0
39 9849.0
16 5956.0
24 6924.0
9 6240.0
16 6044.0
2 27800.0
21 65475.0
8 9564.0
48 13517.0
49 6828.0
44 6042.0
15 65184.0
25 7749.0
19 6755.0
1 7292.0
13 6744.0
3 10322.0
37 6955.0
36 6200.0
8 10859.0
27 7018.0
40 6988.0
31 7279.0
28 6646.0
48 6958.0
8 6364.0
4 6886.0
27 11435.0
48 7320.0
4 6884.0
46 10326.0
37 6807.0
35 6353.0
13 6777.0
33 6710.0
45 6409.0
16 7293.0
14 6958.0
35 10693.0
40 6262.0
2 6556.0
4 10731.0
48 6702.0
29 7088.0
15 7086.0
7 18790.0
41 13811.0
1 5844.0
26 4807.0
10 9247.0
37 7371.0
43 6062.0
3 6527.0
12 6322.0
17 5822.0
33 6243.0
12 6360.0
5 10251.0
37 5996.0
33 5694.0
48 5679.0
48 5546.0
41 5617.0
7 5506.0
49 5399.0
3 9459.0
5 5437.0
43 6519.0
24 9805.0
33 5412.0
44 6099.0
36 5937.0
6 5328.0
31 5413.0
49 5676.0
12 31313.0
40 11122.0
7 7389.0
44 4704.0
32 8222.0
32 4694.0
34 4454.0
13 4655.0
27 31948.0
31 4987.0
21 5035.0
32 4162.0
34 6942.0
10 4967.0
1 4424.0
8 6882.0
14 3852.0
44 3859.0
39 4102.0
35 4722.0
30 3974.0
45 4093.0
46 3752.0
11 6944.0
4 4044.0
34 3700.0
19 4389.0
13 3991.0
42 3871.0
19 7028.0
18 4155.0
6 6664.0
42 4734.0
30 5107.0
14 9057.0
12 4753.0
27 5177.0
15 4960.0
27 3998.0
42 9175.0
42 4132.0
43 4120.0
13 6612.0
46 4279.0
30 3838.0
38 3867.0
33 3900.0
1 3911.0
3 4153.0
35 5475.0
34 6591.0
26 4059.0
43 3958.0
38 6392.0
10 4133.0
19 5046.0
23 4185.0
31 11435.0
17 4344.0
29 4168.0
13 19882.0
29 12306.0
12 5792.0
20 5546.0
7 5030.0
28 5532.0
49 4484.0
35 4276.0
12 4002.0
23 6914.0
3 4084.0
30 4021.0
19 6909.0
22 4207.0
18 3698.0
21 4000.0
38 4103.0
47 3824.0
27 4039.0
25 3733.0
2 6618.0
48 4175.0
27 3822.0
17 6518.0
34 3949.0
39 3882.0
32 4099.0
30 6017.0
28 3929.0
32 3943.0
2 4322.0
25 8236.0
32 4511.0
8 4292.0
14 7097.0
47 4109.0
19 3791.0
16 4011.0
9 3797.0
30 3922.0
13 4007.0
3 5071.0
29 8040.0
42 4250.0
28 7148.0
8 7234.0
35 4031.0
39 3932.0
37 4133.0
34 4366.0
36 6552.0
2 3957.0
49 3945.0
19 6904.0
18 4044.0
11 3957.0
26 4489.0
3 4425.0
5 4725.0
7 4944.0
13 4258.0
32 6885.0
31 3759.0
26 3978.0
40 6860.0
22 3750.0
9 3809.0
23 3948.0
40 3648.0
20 3768.0
33 3930.0
22 3858.0
17 6998.0
3 3734.0
1 4006.0
13 7524.0
2 3832.0
39 3921.0
39 5164.0
8 4752.0
39 4041.0
44 4309.0
45 4171.0
26 7063.0
12 3964.0
25 4208.0
1 8548.0
18 4846.0
26 4791.0
3 4844.0
12 6818.0
44 7132.0
40 3878.0
24 3950.0
34 4055.0
24 3766.0
45 3900.0
13 4109.0
28 3940.0
16 6930.0
24 3950.0
13 3799.0
24 6777.0
48 4067.0
31 3771.0
44 3974.0
42 3815.0
17 4076.0
1 4116.0
48 4037.0
39 7776.0
5 4362.0
2 4083.0
15 4144.0
4 4023.0
37 4028.0
21 5008.0
30 5200.0
35 8120.0
10 4712.0
16 4095.0
27 7143.0
27 4031.0
28 4234.0
9 4198.0
42 3757.0
41 4046.0
48 3872.0
13 4613.0
39 9060.0
42 4044.0
19 4117.0
37 6793.0
33 4376.0
34 3782.0
28 4232.0
19 16913.0
17 6399.0
43 5453.0
16 5770.0
29 8451.0
48 5191.0
10 5325.0
24 8546.0
25 4505.0
14 4107.0
8 4205.0
25 4065.0
1 4007.0
42 4315.0
12 4118.0
48 7586.0
32 3919.0
13 3876.0
28 4023.0
33 3946.0
10 3871.0
29 4037.0
45 3847.0
32 6790.0
38 3951.0
9 3975.0
7 7158.0
5 3763.0
43 3848.0
18 32438.0
29 4248.0
21 5045.0
36 4275.0
36 4260.0
45 7018.0
36 4123.0
31 3969.0
16 6711.0
12 4338.0
31 4728.0
16 4922.0
6 4444.0
45 3975.0
39 4351.0
44 5425.0
44 7229.0
18 4604.0
1 4456.0
32 7998.0
24 4927.0
13 4448.0
14 5000.0
12 13920.0
46 10370.0
49 5387.0
1 4867.0
20 8077.0
34 4868.0
26 25471.0
41 5251.0
4 4989.0
15 7142.0
14 15967.0
9 10355.0
38 6691.0
31 6245.0
12 5415.0
39 5413.0
45 4854.0
26 8477.0
7 5207.0
18 4234.0
13 7466.0
21 3926.0
22 4064.0
8 4103.0
40 4148.0
30 4100.0
8 4803.0
26 4612.0
45 7310.0
9 3840.0
31 4200.0
36 4417.0
39 4129.0
21 3979.0
44 4078.0
39 3808.0
23 4152.0
4 4145.0
15 4318.0
33 6915.0
29 4173.0
2 3770.0
18 3949.0
43 4316.0
44 3940.0
19 4325.0
