First MST58587 7.8997542E7
28 27461.0
14 16286.0
24 9620.0
14 8241.0
10 7828.0
14 10638.0
9 8412.0
49 7191.0
22 11797.0
29 7979.0
8 8156.0
41 8304.0
12 9805.0
9 13353.0
8 7156.0
34 7875.0
23 7972.0
32 10243.0
17 8156.0
24 7928.0
46 11029.0
31 8264.0
22 5592.0
46 5275.0
3 4615.0
16 7185.0
22 4669.0
13 19664.0
45 12142.0
27 9893.0
40 9227.0
13 7863.0
8 12536.0
16 8813.0
23 9878.0
13 8603.0
1 8284.0
29 15084.0
11 10138.0
11 10617.0
9 6986.0
6 8272.0
4 9836.0
44 7138.0
22 10017.0
49 10206.0
9 11832.0
10 9950.0
48 18475.0
39 5935.0
18 5494.0
21 9508.0
2 6275.0
1 7542.0
47 6519.0
19 5827.0
35 11369.0
34 5908.0
42 9333.0
25 4809.0
31 17785.0
32 5669.0
11 6022.0
33 8703.0
11 4694.0
34 7558.0
36 5140.0
30 4236.0
46 4444.0
47 4260.0
49 6670.0
12 4537.0
37 4882.0
10 7215.0
25 4435.0
3 19845.0
31 6457.0
26 5192.0
45 4919.0
8 7844.0
42 6289.0
1 4778.0
20 4716.0
36 4702.0
3 7520.0
5 4448.0
41 8897.0
29 4817.0
1 4188.0
10 4827.0
25 5321.0
35 9381.0
32 6742.0
18 5285.0
24 5676.0
42 8290.0
11 5817.0
26 5626.0
17 11144.0
47 5555.0
8 5345.0
7 7130.0
39 8578.0
42 9217.0
9 5628.0
7 8023.0
42 5324.0
43 5014.0
49 5583.0
2 5585.0
12 9143.0
13 5680.0
20 5061.0
2 5380.0
24 4980.0
39 10005.0
21 5486.0
19 8237.0
43 6352.0
41 5326.0
14 5313.0
36 4923.0
9 8388.0
30 6105.0
42 5230.0
25 11122.0
20 6883.0
34 18204.0
32 5746.0
1 9297.0
12 5555.0
42 15243.0
17 11021.0
27 5478.0
35 7279.0
43 4254.0
18 6924.0
33 4003.0
23 3712.0
29 4145.0
30 4054.0
42 6504.0
18 4006.0
22 6311.0
22 3872.0
28 3869.0
20 4121.0
7 3817.0
27 6627.0
16 4641.0
1 3984.0
41 4171.0
14 3833.0
48 4214.0
40 4035.0
18 7036.0
11 4166.0
9 4299.0
16 4273.0
4 4445.0
6 7616.0
40 4678.0
19 7338.0
48 4480.0
13 4654.0
12 5124.0
21 34550.0
14 11280.0
12 4796.0
16 8376.0
35 4654.0
17 4683.0
28 11554.0
28 14801.0
46 8927.0
30 5085.0
15 6601.0
21 5301.0
13 93714.0
8 10686.0
48 5741.0
13 6562.0
24 5219.0
14 4914.0
37 6717.0
36 5224.0
35 8879.0
14 4882.0
11 4691.0
29 4655.0
21 5044.0
11 7933.0
12 4771.0
46 7216.0
21 4418.0
9 4221.0
41 4035.0
20 4194.0
9 7488.0
48 3978.0
18 6904.0
3 68066.0
2 6387.0
19 5504.0
8 5993.0
43 8467.0
35 4460.0
25 25588.0
18 4612.0
49 4235.0
29 7153.0
44 4303.0
38 6643.0
25 3945.0
17 3679.0
19 3920.0
32 3990.0
32 6343.0
36 3927.0
4 6662.0
45 3666.0
32 3835.0
28 3797.0
7 3973.0
49 6881.0
46 4113.0
21 4023.0
1 4346.0
42 3788.0
43 6421.0
29 3598.0
34 3571.0
2 3704.0
35 3881.0
32 4104.0
21 3906.0
14 6600.0
48 4048.0
42 3734.0
48 4311.0
6 3985.0
16 6610.0
32 4027.0
17 4112.0
2 7364.0
47 4752.0
7 4783.0
5 4486.0
2 7489.0
37 4311.0
18 3957.0
14 6352.0
37 4356.0
15 12106.0
8 37999.0
13 5915.0
7 4822.0
17 4417.0
32 3938.0
15 4427.0
21 6389.0
48 4358.0
34 4014.0
5 3947.0
2 4057.0
35 6806.0
9 3994.0
5 6640.0
47 3756.0
30 4159.0
41 3921.0
34 3821.0
3 6229.0
31 3871.0
28 4117.0
12 3712.0
3 3909.0
22 4741.0
10 3961.0
21 6198.0
42 3864.0
22 3889.0
49 3914.0
44 4000.0
45 6109.0
3 3783.0
2 6604.0
30 3716.0
19 3657.0
11 3786.0
2 3671.0
37 5909.0
48 3713.0
6 3670.0
38 5235.0
45 4346.0
24 6746.0
2 3751.0
39 6503.0
35 3821.0
44 3359.0
45 3691.0
9 3181.0
36 6873.0
20 3859.0
25 5642.0
13 3746.0
31 3657.0
46 3499.0
30 3392.0
14 6417.0
39 3763.0
13 3686.0
4 3876.0
36 3725.0
7 3789.0
14 3666.0
2 6160.0
45 7051.0
44 4405.0
34 3960.0
9 3614.0
13 6727.0
10 4072.0
24 5482.0
13 67090.0
22 5121.0
35 7408.0
43 5299.0
11 8188.0
32 4284.0
9 4869.0
20 13818.0
45 4831.0
25 83692.0
46 5102.0
43 7130.0
14 4079.0
38 3817.0
14 5408.0
24 3931.0
40 7033.0
37 3860.0
18 3623.0
35 3859.0
8 5459.0
5 7546.0
47 3808.0
32 4347.0
25 3671.0
25 3526.0
11 6341.0
23 14805.0
10 11623.0
4 4161.0
21 3911.0
36 3721.0
18 3451.0
16 6225.0
44 3362.0
28 6028.0
29 3393.0
29 3297.0
1 3712.0
7 3148.0
44 5740.0
29 3436.0
3 3449.0
16 3406.0
10 3470.0
32 7064.0
10 3783.0
46 6823.0
48 4251.0
31 4179.0
47 3780.0
38 3330.0
37 5947.0
39 3199.0
43 3292.0
44 3527.0
9 13137.0
46 6427.0
19 4175.0
4 5542.0
1 3077.0
1 3266.0
10 3285.0
37 3400.0
19 5962.0
47 3326.0
5 3176.0
23 3318.0
42 3041.0
40 3239.0
25 3497.0
4 5278.0
34 3353.0
24 3291.0
31 3214.0
26 3219.0
11 5388.0
43 3185.0
29 5122.0
49 3004.0
28 3268.0
19 3005.0
13 2913.0
15 5352.0
40 3078.0
10 5439.0
8 3425.0
31 3232.0
8 3367.0
6 3628.0
24 6557.0
12 3586.0
10 6394.0
26 3873.0
47 3450.0
32 3517.0
23 3189.0
32 5791.0
10 3773.0
18 3137.0
39 3738.0
36 3780.0
11 6414.0
46 3990.0
27 5720.0
37 3544.0
47 3367.0
14 3664.0
24 3235.0
18 5663.0
33 3313.0
13 3313.0
25 3422.0
17 3107.0
32 5546.0
18 3292.0
39 5555.0
49 3187.0
15 3101.0
26 3311.0
40 3138.0
6 5513.0
49 3268.0
4 3079.0
22 3189.0
42 2960.0
22 3138.0
18 3393.0
4 6194.0
20 3316.0
33 3198.0
23 3315.0
3 3492.0
41 5761.0
12 3295.0
4 3036.0
12 3097.0
46 3155.0
2 4162.0
49 3839.0
15 6320.0
6 3530.0
38 3471.0
1 3536.0
15 3647.0
46 7177.0
22 4274.0
36 7435.0
10 4194.0
35 5935.0
16 4778.0
37 3888.0
19 6578.0
43 3582.0
23 3330.0
4 3201.0
35 3341.0
30 3214.0
21 3224.0
12 5520.0
34 3278.0
46 3173.0
21 3593.0
22 3161.0
9 5408.0
28 3327.0
30 5498.0
21 3175.0
29 3200.0
27 3350.0
41 3246.0
1 5244.0
34 3548.0
21 3010.0
27 3266.0
43 3077.0
14 3198.0
47 3250.0
15 5304.0
39 3303.0
15 3524.0
25 3234.0
45 3117.0
4 5842.0
45 3005.0
20 7156.0
9 12601.0
15 4408.0
48 3733.0
42 3474.0
18 6060.0
18 3361.0
33 3215.0
19 3206.0
13 3490.0
11 5836.0
7 3041.0
33 5710.0
22 3190.0
35 3118.0
40 3040.0
18 3162.0
9 29899.0
33 2996.0
34 3118.0
26 3142.0
45 3150.0
33 5832.0
42 3385.0
10 5805.0
22 3273.0
23 3029.0
29 3601.0
5 3096.0
8 5495.0
16 3249.0
29 3074.0
19 3677.0
29 3364.0
32 5542.0
21 3166.0
7 5548.0
6 3632.0
21 3185.0
16 3503.0
43 3381.0
36 3445.0
16 4048.0
26 4112.0
8 4279.0
44 3906.0
48 6426.0
23 609433.0
33 8057.0
25 4189.0
42 3633.0
19 6114.0
43 3443.0
25 5700.0
19 3413.0
22 3958.0
4 3656.0
15 3687.0
5 7043.0
14 4046.0
28 3217.0
5 3178.0
16 3245.0
19 5367.0
30 3164.0
35 5315.0
12 3102.0
42 2979.0
24 3096.0
36 3993.0
29 5573.0
45 3189.0
39 2877.0
45 3098.0
36 3139.0
33 5703.0
26 3099.0
22 5422.0
14 3211.0
5 3072.0
1 123257.0
41 3064.0
6 5282.0
3 2255.0
8 2427.0
30 2229.0
10 2052.0
21 4421.0
18 2161.0
34 4380.0
40 2022.0
31 2401.0
4 2323.0
21 2199.0
11 4470.0
36 2298.0
40 2239.0
39 2411.0
27 3304.0
18 2901.0
38 2640.0
46 5701.0
26 2296.0
47 2227.0
30 2164.0
27 2122.0
18 2134.0
8 2396.0
11 4392.0
24 2165.0
45 1986.0
1 2301.0
16 2211.0
29 4308.0
26 2156.0
40 2100.0
20 2285.0
3 2145.0
35 1946.0
29 2103.0
2 4039.0
34 2084.0
38 2290.0
47 2170.0
39 1934.0
38 2312.0
31 2076.0
8 4410.0
49 47380.0
42 5537.0
8 3342.0
26 2833.0
24 5592.0
8 2840.0
36 18148.0
15 2930.0
39 2647.0
27 5224.0
46 2256.0
15 2712.0
34 2364.0
45 2131.0
34 2426.0
25 2481.0
42 4751.0
28 2175.0
30 2345.0
3 2332.0
1 2505.0
42 2973.0
13 2308.0
2 5018.0
47 2397.0
3 2486.0
26 2546.0
34 2667.0
17 4549.0
27 2404.0
44 16054.0
17 3633.0
2 2405.0
45 2490.0
42 2402.0
47 6693.0
43 2211.0
23 2049.0
3 2235.0
16 2033.0
2 2175.0
28 2075.0
23 4683.0
22 1760.0
7 2603.0
7 2173.0
42 2029.0
17 4485.0
6 2362.0
28 1815.0
1 1887.0
43 2068.0
35 2072.0
39 2293.0
22 4459.0
16 2060.0
4 1942.0
23 2664.0
2 2218.0
15 4555.0
5 2248.0
49 2060.0
10 2093.0
3 2151.0
39 2278.0
3 2443.0
36 5450.0
29 2667.0
32 2285.0
34 2622.0
38 2359.0
13 5300.0
30 2153.0
22 2347.0
30 2257.0
31 2140.0
37 2232.0
24 2235.0
40 4373.0
30 1919.0
13 2096.0
2 2527.0
48 2156.0
11 5362.0
27 2070.0
27 2069.0
19 1882.0
47 2323.0
34 4396.0
16 2056.0
43 4453.0
49 2047.0
20 1984.0
14 2068.0
15 2138.0
39 4268.0
23 2051.0
23 2110.0
18 2023.0
49 2042.0
32 4743.0
31 2052.0
32 36843.0
32 2183.0
16 1954.0
43 6767.0
25 2938.0
27 5615.0
42 3671.0
42 13739.0
43 6719.0
13 8050.0
46 11434.0
30 7522.0
38 8170.0
26 15286.0
27 26590.0
49 6031.0
47 2915.0
7 2569.0
47 2636.0
35 11096.0
8 6116.0
45 3292.0
38 5983.0
39 7324.0
18 2891.0
26 3287.0
23 5730.0
14 18430.0
6 3265.0
31 3320.0
19 7715.0
16 6944.0
38 12285.0
40 5689.0
49 2152.0
43 2133.0
40 2286.0
35 2297.0
24 5151.0
37 2216.0
33 2031.0
38 2304.0
40 2266.0
11 4490.0
35 2252.0
39 4951.0
15 2184.0
7 1922.0
48 2547.0
36 2115.0
14 4713.0
46 2147.0
45 2303.0
40 2499.0
48 2452.0
40 2259.0
39 2493.0
3 4459.0
29 2676.0
39 2463.0
18 2031.0
29 2087.0
2 4784.0
23 2328.0
48 2187.0
20 2150.0
22 2464.0
30 2568.0
18 2167.0
14 4340.0
48 2279.0
17 1877.0
30 3128.0
45 2300.0
16 5210.0
10 2202.0
6 4781.0
42 2238.0
17 1923.0
32 2412.0
9 2528.0
3 4922.0
9 4283.0
17 2513.0
41 2329.0
11 2252.0
23 8013.0
28 3666.0
30 5629.0
49 2344.0
46 2243.0
29 2300.0
4 2153.0
37 4399.0
32 2191.0
22 2202.0
47 2158.0
22 2314.0
2 2266.0
7 1865.0
32 4643.0
44 2264.0
10 2429.0
25 2785.0
23 2304.0
39 5381.0
39 2618.0
36 4467.0
43 2260.0
26 2157.0
30 2155.0
41 2477.0
13 4927.0
43 2338.0
3 2171.0
37 2250.0
42 2119.0
1 4309.0
37 2159.0
4 2153.0
6 2696.0
12 2308.0
16 4521.0
26 2312.0
16 5006.0
4 2357.0
13 2326.0
29 2473.0
1 2278.0
30 5380.0
47 2354.0
28 2325.0
41 2314.0
7 2257.0
34 4820.0
46 2420.0
15 5487.0
41 2237.0
20 2284.0
5 2434.0
28 2315.0
18 4874.0
41 5069.0
49 2989.0
45 2351.0
13 2021.0
37 2065.0
26 2163.0
16 4875.0
4 2078.0
32 2132.0
3 1801.0
31 1985.0
38 4080.0
43 2190.0
5 3065.0
16 2383.0
20 1954.0
19 4444.0
44 2371.0
26 4757.0
26 1982.0
21 2061.0
44 1988.0
19 2095.0
17 4343.0
43 1925.0
16 1912.0
29 2080.0
48 2231.0
10 4247.0
24 2124.0
25 4289.0
14 1910.0
8 2475.0
25 2021.0
1 2241.0
42 4030.0
12 2142.0
48 3858.0
32 1880.0
13 1984.0
28 2096.0
33 1815.0
10 4485.0
29 2196.0
45 1921.0
32 50507.0
38 22424.0
9 5360.0
7 2133.0
5 4121.0
43 1881.0
18 2132.0
29 1751.0
21 1514.0
36 4482.0
36 1819.0
45 4360.0
36 1887.0
31 2461.0
16 2253.0
12 1837.0
31 4236.0
16 2391.0
6 1956.0
45 2437.0
39 2204.0
44 4844.0
44 1879.0
18 5121.0
1 1718.0
32 2150.0
24 2508.0
13 1771.0
14 4181.0
12 1625.0
46 4199.0
49 1818.0
1 1783.0
20 1857.0
34 1688.0
26 4217.0
41 1776.0
4 2141.0
15 1833.0
14 1851.0
9 1881.0
38 1873.0
31 3955.0
12 1704.0
39 1679.0
45 1983.0
26 1751.0
7 4231.0
18 1761.0
13 3763.0
21 1541.0
22 2033.0
8 1866.0
40 2006.0
8 4585.0
27 1866.0
2 2108.0
41 1808.0
1 1754.0
10 4044.0
34 1769.0
37 4273.0
21 1891.0
15 1689.0
39 2214.0
45 1846.0
23 4084.0
42 1840.0
23 2221.0
12 1824.0
22 1783.0
48 1791.0
27 1705.0
