First MST240943 3.35299215E8
28 89295.0
14 2519.0
24 1794.0
14 2052.0
10 1355.0
14 1709.0
9 1531.0
49 1383.0
22 1476.0
29 1263.0
8 2248.0
41 1623.0
12 2052.0
9 1833.0
8 1512.0
34 1502.0
23 1573.0
32 3418.0
17 2004.0
24 1568.0
46 1628.0
31 1421.0
22 3900.0
46 3254.0
3 2807.0
16 2579.0
22 2594.0
13 2540.0
45 2504.0
27 3267.0
40 2393.0
13 2206.0
8 2539.0
16 2000.0
23 1633.0
13 1782.0
1 2968.0
29 2353.0
11 1446.0
11 1375.0
9 1766.0
6 1544.0
4 1370.0
44 1457.0
22 1415.0
49 4246.0
9 1708.0
10 2213.0
48 1729.0
39 1306.0
18 1260.0
21 1535.0
2 2519.0
1 2315.0
47 1545.0
19 1495.0
35 1795.0
34 2621.0
42 2553.0
25 2802.0
31 2092.0
32 2129.0
11 3077.0
33 2330.0
11 2183.0
34 2027.0
36 2075.0
30 2105.0
46 2410.0
47 2265.0
49 2057.0
12 1918.0
37 2211.0
10 2078.0
25 2212.0
3 12528.0
31 2500.0
26 1684.0
45 1550.0
8 1381.0
42 1271.0
1 1480.0
20 1587.0
36 1716.0
3 1461.0
5 1482.0
41 1516.0
29 1716.0
1 1540.0
10 4855.0
25 20507.0
35 2212.0
32 1649.0
18 1511.0
24 3786.0
42 3017.0
11 2476.0
26 1583.0
17 1502.0
47 1530.0
8 1529.0
7 2774.0
39 2182.0
42 2207.0
9 2109.0
7 2135.0
42 2284.0
43 2443.0
49 2113.0
2 2044.0
12 2625.0
13 2095.0
20 2177.0
2 1942.0
24 1996.0
39 2076.0
21 2054.0
19 2031.0
43 2078.0
41 2225.0
14 2386.0
36 2042.0
9 4725.0
30 3417.0
42 3384.0
25 2161.0
20 2233.0
34 11560.0
32 2177.0
1 2165.0
12 2104.0
42 2123.0
17 2509.0
27 2306.0
35 1692.0
43 1702.0
18 1312.0
33 1440.0
23 1212.0
29 1467.0
30 1522.0
42 3400.0
18 2578.0
22 2613.0
22 2475.0
28 2384.0
20 2208.0
7 1931.0
27 1972.0
16 2080.0
1 2098.0
41 2020.0
14 1998.0
48 2218.0
40 1893.0
18 2094.0
11 1983.0
9 2197.0
16 1961.0
4 1997.0
6 1995.0
40 2079.0
19 2000.0
48 2081.0
13 2077.0
12 2023.0
21 2054.0
14 2055.0
12 2853.0
16 1584.0
35 1652.0
17 3284.0
28 1730.0
28 3147.0
46 2574.0
30 2652.0
15 2600.0
21 2317.0
13 2630.0
8 2468.0
48 2853.0
13 3037.0
24 2748.0
14 2867.0
37 2516.0
36 2649.0
35 2706.0
14 2634.0
11 2573.0
29 2801.0
21 11333.0
11 2767.0
12 2627.0
46 2569.0
21 2645.0
9 2563.0
41 2382.0
20 2733.0
9 3035.0
48 2902.0
18 2894.0
3 2856.0
2 2684.0
19 2488.0
8 2499.0
43 2211.0
35 2222.0
25 2339.0
18 2654.0
49 2450.0
29 2299.0
44 2160.0
38 2212.0
25 2270.0
17 2131.0
19 2375.0
32 2458.0
32 2300.0
36 2651.0
4 2597.0
45 2560.0
32 2580.0
28 2892.0
7 2827.0
49 2917.0
46 4528.0
21 2180.0
1 1477.0
42 1365.0
43 1476.0
29 2079.0
34 2387.0
2 1499.0
35 1543.0
32 1330.0
21 1365.0
14 1403.0
48 1486.0
42 1124.0
48 1413.0
6 1382.0
16 1297.0
32 1264.0
17 1427.0
2 1150.0
47 1268.0
7 1360.0
5 1126.0
2 1065.0
37 1413.0
18 1343.0
14 9724.0
37 1774.0
15 1409.0
8 6320.0
13 5453.0
7 2916.0
17 2950.0
32 2694.0
15 2408.0
21 2585.0
48 2735.0
34 2813.0
5 2464.0
2 2629.0
35 2453.0
9 2303.0
5 2187.0
47 2415.0
30 2240.0
41 2240.0
34 2296.0
3 2110.0
31 2249.0
28 2129.0
12 1884.0
3 2143.0
22 2520.0
10 2183.0
21 2305.0
42 2072.0
22 2306.0
49 2091.0
44 5255.0
45 1924.0
3 1639.0
2 1440.0
30 1190.0
19 1933.0
11 2703.0
2 2641.0
37 2571.0
48 3668.0
6 2787.0
38 3049.0
45 2626.0
24 2787.0
2 2685.0
39 2709.0
35 2387.0
44 2617.0
45 2759.0
9 2522.0
36 3230.0
20 2442.0
25 2307.0
13 2301.0
31 2361.0
46 2343.0
30 2555.0
14 2010.0
39 2413.0
13 2485.0
4 2378.0
36 2538.0
7 2765.0
14 2392.0
2 2227.0
45 3341.0
44 2692.0
34 2403.0
9 2272.0
13 2444.0
10 2449.0
24 2587.0
13 2252.0
22 2338.0
35 2086.0
43 2299.0
11 2146.0
32 2389.0
9 1898.0
20 2185.0
45 2093.0
25 2341.0
46 2072.0
43 2040.0
14 2558.0
38 2640.0
14 2420.0
24 2285.0
40 2418.0
37 2204.0
18 2102.0
35 2423.0
8 2619.0
5 2283.0
47 2460.0
32 2523.0
25 2760.0
25 2354.0
11 2434.0
23 2135.0
10 2427.0
4 2356.0
21 3285.0
36 2794.0
18 2471.0
16 2593.0
44 2439.0
28 2679.0
29 2252.0
29 2133.0
1 2231.0
7 2647.0
44 2313.0
29 2535.0
3 2514.0
16 2272.0
10 2182.0
32 2228.0
10 2026.0
46 2452.0
48 2419.0
31 3484.0
47 2384.0
38 3014.0
37 2996.0
39 2819.0
43 2608.0
44 2513.0
9 3053.0
46 2812.0
19 4132.0
4 2507.0
1 2913.0
1 3061.0
10 2395.0
37 3054.0
19 2536.0
47 2534.0
5 2671.0
23 2554.0
42 2465.0
40 2359.0
25 2406.0
4 2436.0
34 2745.0
24 2281.0
31 2301.0
26 2272.0
11 2251.0
43 1868.0
29 2114.0
49 2196.0
28 2394.0
19 2225.0
13 2367.0
15 2338.0
40 2631.0
10 2479.0
8 2529.0
31 3191.0
8 2420.0
6 2774.0
24 3093.0
12 2737.0
10 2829.0
26 2570.0
47 2314.0
32 2868.0
23 2369.0
32 2414.0
10 2189.0
18 2267.0
39 2305.0
36 2560.0
11 2629.0
46 2433.0
27 3631.0
37 2971.0
47 2937.0
14 2526.0
24 2834.0
18 2293.0
33 2715.0
13 2742.0
25 2833.0
17 2697.0
32 2838.0
18 2763.0
39 2428.0
49 2521.0
15 2641.0
26 2756.0
40 2565.0
6 2742.0
49 2866.0
4 4312.0
22 3534.0
42 2404.0
22 1632.0
18 1489.0
4 1419.0
20 1282.0
33 1212.0
23 1281.0
3 1216.0
41 1241.0
12 1216.0
4 1360.0
12 1214.0
46 1217.0
2 1289.0
49 1544.0
15 1250.0
6 1301.0
38 1297.0
1 1117.0
15 1066.0
46 1421.0
22 1202.0
36 1314.0
10 1285.0
35 1593.0
16 1314.0
37 1417.0
19 1355.0
43 1298.0
23 1316.0
4 1325.0
35 1691.0
30 1053.0
21 1467.0
12 1297.0
34 1348.0
46 1229.0
21 1136.0
22 1089.0
9 1077.0
28 1458.0
30 1490.0
21 1281.0
29 1518.0
27 1086.0
41 1278.0
1 1248.0
34 1253.0
21 1238.0
27 1423.0
43 1349.0
14 1239.0
47 1241.0
15 1300.0
39 1270.0
15 1476.0
25 1308.0
45 1242.0
4 1380.0
45 1223.0
20 10673.0
9 11624.0
15 2739.0
48 2469.0
42 2363.0
18 2108.0
18 2015.0
33 1978.0
19 2620.0
13 2487.0
11 3480.0
7 1689.0
33 1308.0
22 1233.0
35 1485.0
40 1330.0
18 1531.0
9 1220.0
33 1228.0
34 1248.0
26 2101.0
45 2567.0
33 2177.0
42 2360.0
10 2153.0
22 2229.0
23 2224.0
29 1373.0
5 1193.0
8 1184.0
16 1209.0
29 1227.0
19 1285.0
29 1242.0
32 1304.0
21 1182.0
7 1077.0
6 1297.0
21 1352.0
16 1248.0
43 1470.0
36 1287.0
16 1246.0
26 1193.0
8 2076.0
44 2494.0
48 2691.0
23 2019.0
33 1871.0
25 1808.0
42 1912.0
19 1717.0
43 1963.0
25 1784.0
19 1976.0
22 1840.0
4 1822.0
15 1937.0
5 2017.0
14 1996.0
28 1639.0
5 1906.0
16 1789.0
19 1696.0
30 1840.0
35 2387.0
12 1940.0
42 1859.0
24 1645.0
36 2117.0
29 1898.0
45 1656.0
39 1770.0
45 1647.0
36 1958.0
33 1772.0
26 1774.0
22 1945.0
14 1792.0
5 1872.0
1 1773.0
41 1846.0
6 2064.0
3 1700.0
8 1903.0
30 1883.0
10 1880.0
21 1816.0
18 2078.0
34 1937.0
40 2122.0
31 1938.0
4 1724.0
21 1593.0
11 1781.0
36 1837.0
40 4136.0
39 2595.0
27 2225.0
18 2070.0
38 1451.0
46 1287.0
26 1106.0
47 1319.0
30 1219.0
27 1279.0
18 1594.0
8 1275.0
11 1190.0
24 1265.0
45 1399.0
1 1310.0
16 1204.0
29 1430.0
26 1460.0
40 1425.0
20 1268.0
3 1257.0
35 1022.0
29 1163.0
2 1211.0
34 1304.0
38 1240.0
47 1177.0
39 1139.0
38 1371.0
31 1325.0
8 1212.0
49 1038.0
42 18048.0
8 2555.0
26 1463.0
24 1463.0
8 1454.0
36 1342.0
15 1315.0
39 1418.0
27 1321.0
46 1256.0
15 1272.0
34 1253.0
45 1201.0
34 1282.0
25 1402.0
42 1044.0
28 1106.0
30 1419.0
3 1582.0
1 1217.0
42 1573.0
13 1240.0
2 1255.0
47 1298.0
3 1055.0
26 1243.0
34 1388.0
17 1175.0
27 1286.0
44 1355.0
17 1552.0
2 1330.0
45 1212.0
42 1205.0
47 1223.0
43 994.0
23 993.0
3 1266.0
16 1243.0
2 1282.0
28 1440.0
23 1411.0
22 1203.0
7 1314.0
7 1318.0
42 1370.0
17 1167.0
6 1162.0
28 1267.0
1 1223.0
43 1159.0
35 1277.0
39 1170.0
22 1169.0
16 1170.0
4 1252.0
23 1175.0
2 1016.0
15 1229.0
5 1170.0
49 1168.0
10 1287.0
3 1508.0
39 1497.0
3 1265.0
36 1226.0
29 1219.0
32 1476.0
34 1320.0
38 1286.0
13 1029.0
30 1515.0
22 1570.0
30 1259.0
31 1175.0
37 1243.0
24 1323.0
40 1357.0
30 980.0
13 1137.0
2 1217.0
48 1046.0
11 1484.0
27 1088.0
27 1523.0
19 1006.0
47 1262.0
34 1210.0
16 1208.0
43 1194.0
49 1323.0
20 1032.0
14 1171.0
15 1326.0
39 1152.0
23 1024.0
23 1161.0
18 1216.0
49 1206.0
32 1417.0
31 1291.0
32 1124.0
32 1142.0
16 1123.0
43 1019.0
25 1288.0
27 1128.0
42 1210.0
42 1367.0
43 1190.0
13 1200.0
46 1261.0
30 1300.0
38 1150.0
26 1414.0
27 1274.0
49 1290.0
47 1299.0
7 1105.0
47 1009.0
35 1287.0
8 1277.0
45 1250.0
38 1141.0
39 987.0
18 1141.0
26 1268.0
23 1164.0
14 1689.0
6 1101.0
31 1185.0
19 1238.0
16 1116.0
38 1035.0
40 1020.0
49 986.0
43 1178.0
40 1154.0
35 1210.0
24 1424.0
37 1302.0
33 1125.0
38 1163.0
40 1032.0
11 1178.0
35 1093.0
39 1138.0
15 1257.0
7 989.0
48 1170.0
36 1152.0
14 1230.0
46 1266.0
45 1255.0
40 1263.0
48 1555.0
40 1110.0
39 1214.0
3 1174.0
29 1287.0
39 1316.0
18 1014.0
29 1181.0
2 1179.0
23 1212.0
48 1071.0
20 1378.0
22 1099.0
30 1187.0
18 1219.0
14 1195.0
48 1125.0
17 1332.0
30 1168.0
45 1075.0
16 1004.0
10 1285.0
6 1104.0
42 1203.0
17 1176.0
32 1314.0
9 1053.0
3 1015.0
9 1252.0
17 1238.0
41 1195.0
11 1105.0
23 1148.0
28 1196.0
30 1129.0
49 1101.0
46 1003.0
29 1713.0
4 1353.0
37 1363.0
32 1320.0
22 1241.0
47 1108.0
22 1251.0
2 1366.0
7 1262.0
32 1180.0
44 1206.0
10 1275.0
25 1358.0
23 1215.0
39 1179.0
39 1163.0
36 1125.0
43 1047.0
26 1180.0
30 1290.0
41 1235.0
13 1146.0
43 1252.0
3 1158.0
37 1246.0
42 1306.0
1 1162.0
37 1053.0
4 1025.0
6 1175.0
12 1179.0
16 1206.0
26 1179.0
16 1208.0
4 1172.0
13 1148.0
29 1256.0
1 1193.0
30 1189.0
47 1057.0
28 1151.0
41 1599.0
7 979.0
34 1299.0
46 1294.0
15 1185.0
41 1166.0
20 1143.0
5 1003.0
28 1134.0
18 1251.0
41 1167.0
49 1124.0
45 1065.0
13 1124.0
37 1231.0
26 1144.0
16 1199.0
4 1254.0
32 1014.0
3 1160.0
31 1299.0
38 1265.0
43 1305.0
5 1678.0
16 1454.0
20 1221.0
19 980.0
44 1225.0
26 1141.0
26 1171.0
21 1117.0
44 1200.0
19 1139.0
17 1214.0
43 1279.0
16 1102.0
29 1084.0
48 1174.0
10 1186.0
24 1183.0
25 1214.0
14 1184.0
8 1523.0
25 1156.0
1 1350.0
42 1170.0
12 1226.0
48 1039.0
32 1171.0
13 1010.0
28 1089.0
33 1301.0
10 1243.0
29 1279.0
45 1197.0
32 1085.0
38 1331.0
9 1091.0
7 1218.0
5 1168.0
43 1319.0
18 1343.0
29 1124.0
21 1326.0
36 1225.0
36 1272.0
45 1335.0
36 1225.0
31 1073.0
16 1170.0
12 1095.0
31 1104.0
16 1005.0
6 1153.0
45 998.0
39 1022.0
44 1225.0
44 1119.0
18 1276.0
1 1021.0
32 1354.0
24 1243.0
13 1203.0
14 1144.0
12 1217.0
46 1161.0
49 1393.0
1 1213.0
20 1503.0
34 1258.0
26 1254.0
41 1279.0
4 3840.0
15 2589.0
14 2011.0
9 1718.0
38 2202.0
31 2103.0
12 1959.0
39 2100.0
45 2206.0
26 1900.0
7 2123.0
18 2209.0
13 2124.0
21 2200.0
22 2122.0
8 2336.0
40 2576.0
8 2332.0
27 2244.0
2 2135.0
41 2601.0
1 2252.0
10 1968.0
34 2081.0
37 2401.0
21 2121.0
15 2139.0
39 2136.0
45 2074.0
23 2020.0
42 2313.0
23 2044.0
12 2130.0
22 1800.0
48 1830.0
27 2228.0
