First MST373 752788.0
28 45710.0
14 16579.0
24 14981.0
14 38284.0
10 20295.0
14 16228.0
9 20524.0
49 20176.0
22 14900.0
29 28452.0
8 39105.0
41 19917.0
12 18039.0
9 18020.0
8 18820.0
34 52066.0
23 14021.0
32 14167.0
17 13172.0
24 12757.0
46 25679.0
31 12817.0
22 13543.0
46 12956.0
3 12471.0
16 12563.0
22 22259.0
13 17598.0
45 49250.0
27 13102.0
40 11754.0
13 13617.0
8 11862.0
16 11274.0
23 14223.0
13 21304.0
1 12277.0
29 20319.0
11 13235.0
6 12658.0
6 19578.0
32 17930.0
15 11936.0
44 12078.0
47 12039.0
37 13987.0
38 11917.0
32 13432.0
45 15304.0
15 17056.0
7 19661.0
36 16990.0
43 15228.0
25 15275.0
18 15365.0
5 15430.0
1 21697.0
13 36578.0
28 15356.0
25 21693.0
43 17280.0
12 16293.0
42 15385.0
4 11871.0
25 11876.0
16 12209.0
24 11376.0
31 19987.0
12 15135.0
17 15140.0
11 19065.0
30 16660.0
16 14975.0
49 15353.0
48 54276.0
4 18995.0
40 18029.0
40 16756.0
29 19533.0
26 15063.0
35 11764.0
21 18893.0
31 23638.0
3 18637.0
5 12914.0
41 11592.0
29 11409.0
1 20623.0
10 11717.0
8 14475.0
42 11594.0
25 21596.0
38 16544.0
19 12135.0
29 15660.0
33 15451.0
15 16846.0
4 14639.0
39 17125.0
47 19787.0
36 19742.0
37 13941.0
47 15453.0
17 43283.0
15 13644.0
17 14015.0
5 12626.0
28 12145.0
25 13601.0
27 9787.0
33 24605.0
35 14018.0
38 9331.0
5 9196.0
26 11329.0
18 21128.0
39 10738.0
49 8960.0
35 10297.0
46 9417.0
29 9140.0
24 8505.0
29 11113.0
4 84261.0
33 9293.0
25 22819.0
47 13664.0
4 8945.0
4 9853.0
21 12596.0
14 7007.0
25 7557.0
36 6992.0
24 9990.0
17 7199.0
28 7296.0
4 9848.0
9 19362.0
39 7433.0
2 31621.0
42 8881.0
42 8471.0
21 8020.0
49 7908.0
4 10769.0
34 9147.0
4 7609.0
21 11187.0
2 15670.0
17 7355.0
29 7080.0
35 15129.0
24 7101.0
1 7414.0
33 11901.0
3 27066.0
38 17598.0
5 7965.0
41 10395.0
48 6881.0
20 7088.0
25 7351.0
19 9844.0
45 7107.0
10 8381.0
38 7820.0
49 20607.0
18 7315.0
6 9710.0
20 22446.0
11 7076.0
8 6823.0
41 6950.0
36 7069.0
15 6796.0
21 8774.0
13 6763.0
8 9898.0
48 7071.0
13 6802.0
24 10306.0
14 6962.0
37 6774.0
36 8468.0
35 6636.0
9 11477.0
46 6626.0
36 13044.0
34 11019.0
21 6834.0
43 11350.0
2 6896.0
10 6432.0
8 7091.0
42 6507.0
44 6560.0
17 10583.0
1 6911.0
38 6397.0
33 8839.0
34 7081.0
20 7369.0
48 6725.0
30 6701.0
3 6734.0
14 6921.0
35 6698.0
13 8423.0
27 8708.0
27 6644.0
32 8467.0
26 7013.0
40 8597.0
41 6745.0
33 6752.0
5 6371.0
24 6528.0
36 6049.0
14 8334.0
41 14509.0
29 8664.0
34 6688.0
5 6240.0
30 6336.0
42 6294.0
1 6125.0
38 8542.0
1 6520.0
5 8357.0
22 6480.0
35 6219.0
32 6035.0
21 6457.0
14 8016.0
48 8722.0
42 7223.0
48 29827.0
6 14382.0
16 8816.0
32 59987.0
17 10122.0
2 9081.0
47 10215.0
7 10534.0
5 9542.0
2 12452.0
37 8936.0
18 8532.0
14 11809.0
37 8695.0
15 8849.0
8 9747.0
13 9038.0
7 9756.0
17 12835.0
32 11344.0
15 14314.0
21 8737.0
48 8681.0
34 11993.0
5 8962.0
2 8870.0
35 9979.0
9 10773.0
5 8718.0
47 8993.0
30 8405.0
41 11361.0
34 9910.0
3 8418.0
31 8168.0
35 8403.0
42 8471.0
38 8484.0
10 8261.0
3 11516.0
17 9329.0
14 9613.0
17 12958.0
48 8210.0
6 8666.0
19 8291.0
29 8271.0
35 7953.0
49 8177.0
25 8384.0
9 12271.0
26 12392.0
46 8985.0
44 13529.0
44 10368.0
49 9285.0
4 9000.0
9 8225.0
17 12089.0
34 8535.0
32 8237.0
46 11308.0
26 8450.0
46 9080.0
16 8631.0
9 9517.0
13 9929.0
31 22318.0
46 9025.0
30 12246.0
14 8515.0
39 9030.0
13 13000.0
4 8424.0
36 8502.0
7 10498.0
14 8537.0
2 12940.0
45 9559.0
44 8517.0
34 12021.0
9 8285.0
13 8844.0
10 12180.0
24 8122.0
13 24683.0
22 7984.0
35 29351.0
43 13338.0
11 9118.0
32 9232.0
9 9324.0
20 8690.0
45 9144.0
25 66369.0
46 10193.0
43 14940.0
14 10361.0
38 9840.0
14 13844.0
24 10302.0
40 9726.0
37 11263.0
18 11103.0
35 30388.0
8 9479.0
5 8748.0
47 12098.0
32 8472.0
25 8153.0
25 8499.0
11 8287.0
23 11626.0
10 8295.0
4 7624.0
21 11311.0
36 7703.0
18 7882.0
16 25636.0
44 8000.0
28 10284.0
29 7860.0
29 7764.0
1 13903.0
7 4776.0
44 4661.0
29 7274.0
3 4548.0
16 4262.0
10 4493.0
32 4968.0
10 4672.0
46 4463.0
48 4482.0
31 6731.0
47 4989.0
38 4806.0
37 5260.0
39 4341.0
43 4449.0
7 4692.0
39 4525.0
28 6442.0
33 4508.0
35 4525.0
44 16939.0
4 7323.0
36 5852.0
43 5457.0
33 5037.0
28 4568.0
19 4609.0
37 4340.0
22 6770.0
11 19321.0
7 7669.0
26 11230.0
24 7216.0
31 7492.0
26 8333.0
11 8086.0
43 12349.0
29 8135.0
49 7423.0
28 12230.0
19 7314.0
13 7667.0
15 7880.0
40 7668.0
10 7433.0
8 7534.0
31 6948.0
8 10822.0
6 7507.0
24 7264.0
12 10738.0
10 6586.0
26 7405.0
47 7392.0
32 6636.0
23 7280.0
32 7565.0
10 33619.0
18 11854.0
39 5146.0
3 4777.0
16 6893.0
27 4783.0
37 6311.0
47 5932.0
14 4748.0
24 6637.0
18 4517.0
33 4876.0
13 6395.0
25 4552.0
17 4594.0
32 4598.0
18 4505.0
39 6499.0
49 4538.0
15 4547.0
26 6457.0
40 4532.0
6 4260.0
49 19198.0
4 4770.0
22 4600.0
42 4493.0
22 4476.0
18 8255.0
4 4944.0
20 4612.0
33 6904.0
23 4564.0
3 4622.0
41 4531.0
12 4596.0
4 30671.0
12 4923.0
46 6984.0
2 9688.0
49 5037.0
15 4442.0
6 4517.0
38 4243.0
1 4364.0
15 4279.0
46 4946.0
22 7117.0
36 4396.0
10 4502.0
35 6374.0
16 4387.0
37 4495.0
19 4398.0
43 4663.0
23 4297.0
4 4201.0
35 4388.0
30 6326.0
21 4506.0
12 4160.0
34 6558.0
46 5684.0
21 4305.0
22 4419.0
9 4279.0
28 10729.0
29 4976.0
47 4428.0
37 6724.0
28 4311.0
14 4259.0
42 4120.0
24 4189.0
37 4336.0
22 8752.0
42 6807.0
17 10684.0
28 6297.0
9 6121.0
21 6737.0
21 6061.0
3 9746.0
41 7788.0
30 6089.0
38 8840.0
18 7241.0
2 6826.0
49 9265.0
13 7499.0
20 4629.0
15 11268.0
49 26726.0
26 19705.0
49 8393.0
19 6834.0
37 9578.0
36 6591.0
45 6172.0
46 9044.0
38 6374.0
43 6419.0
34 6334.0
18 5931.0
17 10164.0
2 7320.0
29 7476.0
27 10119.0
3 6580.0
26 6259.0
49 6276.0
19 6005.0
13 6061.0
45 6239.0
4 6184.0
13 8876.0
29 6204.0
12 6373.0
7 8808.0
26 6220.0
41 6076.0
1 6570.0
17 7652.0
3 7661.0
21 7038.0
49 6045.0
23 9382.0
13 6178.0
48 23940.0
28 11865.0
11 6381.0
22 6376.0
36 5206.0
19 4292.0
36 4130.0
33 4137.0
15 4276.0
6 6660.0
49 4153.0
31 4485.0
14 6760.0
13 4521.0
6 4175.0
5 4263.0
14 4130.0
28 3924.0
5 3964.0
16 17022.0
19 6560.0
30 3638.0
35 3892.0
12 18093.0
42 4270.0
24 4607.0
36 3923.0
29 3766.0
45 5926.0
39 3683.0
45 3526.0
36 5706.0
33 3677.0
26 3650.0
22 3739.0
14 3295.0
5 3401.0
1 3633.0
41 4326.0
6 6069.0
3 3504.0
8 3971.0
30 7367.0
10 4069.0
21 3604.0
18 3643.0
34 3327.0
40 3471.0
31 3547.0
4 3406.0
21 5825.0
11 3668.0
36 3545.0
40 5651.0
39 3388.0
27 3642.0
18 3378.0
38 3610.0
46 3768.0
26 3475.0
47 3610.0
30 6010.0
27 3621.0
18 3867.0
8 5899.0
11 3591.0
24 11783.0
45 4444.0
1 3584.0
16 5121.0
29 3623.0
26 3548.0
40 5410.0
1 3733.0
14 3599.0
40 5648.0
7 3334.0
48 3434.0
13 3428.0
39 3399.0
16 3367.0
24 4330.0
9 4613.0
16 7193.0
2 3660.0
21 3484.0
8 5652.0
48 3489.0
49 5240.0
44 5135.0
15 5663.0
25 9448.0
19 20787.0
1 10905.0
13 15745.0
3 7297.0
37 6680.0
36 6302.0
8 5963.0
27 6429.0
40 7007.0
31 41508.0
28 6928.0
48 5948.0
8 5974.0
4 5962.0
27 5613.0
48 8884.0
4 6551.0
46 5500.0
37 8568.0
35 6596.0
13 5336.0
33 5568.0
45 5873.0
16 5890.0
14 5707.0
35 5544.0
40 8036.0
2 5121.0
4 5003.0
48 8520.0
29 5689.0
15 5374.0
7 5343.0
41 6773.0
1 8592.0
26 6239.0
10 7413.0
37 10137.0
43 6200.0
3 5890.0
12 5876.0
17 5283.0
33 7585.0
12 5522.0
5 5611.0
37 9177.0
33 5512.0
48 5500.0
48 9281.0
41 5344.0
7 5621.0
49 5721.0
3 5685.0
5 11044.0
43 7883.0
24 6785.0
33 11153.0
44 8193.0
36 6419.0
6 8687.0
31 5902.0
49 9520.0
12 6213.0
40 5426.0
7 9951.0
44 5735.0
17 5931.0
3 11293.0
13 8639.0
24 13560.0
40 7210.0
30 7069.0
13 13093.0
34 10884.0
10 7359.0
1 6831.0
8 6841.0
14 6267.0
44 6662.0
39 6622.0
35 11142.0
30 6683.0
45 6485.0
46 11139.0
11 6787.0
4 7080.0
34 7120.0
19 10222.0
13 12445.0
42 7322.0
19 6281.0
18 9868.0
6 6049.0
42 5601.0
30 6865.0
14 7319.0
12 5758.0
27 7166.0
15 5669.0
27 8905.0
42 5960.0
42 5703.0
43 17289.0
13 8562.0
46 7373.0
30 6319.0
38 5873.0
33 6212.0
1 6327.0
3 6153.0
35 10073.0
34 6778.0
26 5965.0
43 12823.0
38 5763.0
10 6016.0
19 6291.0
23 6042.0
31 6081.0
17 6390.0
29 5539.0
13 11484.0
29 7630.0
12 6476.0
20 9586.0
7 5818.0
23 5572.0
35 7797.0
19 27027.0
49 21697.0
31 7832.0
15 6458.0
10 10475.0
20 6610.0
34 5921.0
33 5774.0
23 5929.0
34 5825.0
12 5812.0
40 5595.0
30 35450.0
21 4932.0
14 5185.0
37 7049.0
35 4374.0
24 4394.0
31 4525.0
14 4711.0
32 4894.0
4 4899.0
13 4648.0
47 7491.0
44 4190.0
8 4387.0
10 6756.0
25 4080.0
7 6771.0
47 4406.0
43 4205.0
43 3909.0
34 3971.0
43 22511.0
6 9799.0
14 4301.0
27 4290.0
27 7237.0
9 4171.0
40 4174.0
36 4058.0
33 4022.0
6 6968.0
12 4816.0
4 4501.0
8 4180.0
48 4355.0
31 4297.0
24 4397.0
48 4808.0
4 8247.0
22 5350.0
45 6145.0
14 9236.0
37 5333.0
10 5082.0
21 5014.0
21 5395.0
1 9210.0
30 5745.0
43 5353.0
5 9241.0
47 5485.0
44 5434.0
46 5729.0
49 5706.0
29 5128.0
10 5462.0
25 9174.0
23 8920.0
39 5505.0
39 5560.0
36 8474.0
43 4870.0
26 5120.0
30 6041.0
41 5830.0
13 7861.0
43 5396.0
3 5315.0
37 8820.0
42 5890.0
1 5661.0
37 5398.0
4 4929.0
24 4895.0
34 4737.0
24 4800.0
45 7641.0
13 4972.0
28 5039.0
16 8151.0
24 4907.0
13 4599.0
24 4800.0
48 5260.0
31 5338.0
44 5458.0
42 5443.0
17 8205.0
1 5196.0
48 5276.0
39 9808.0
5 5092.0
2 5110.0
15 7845.0
4 5388.0
37 5176.0
21 5211.0
30 4673.0
35 7521.0
10 4859.0
16 4645.0
27 7861.0
27 4490.0
28 5113.0
9 4554.0
42 4484.0
41 4373.0
48 4632.0
13 4564.0
39 7652.0
42 4659.0
44 4760.0
26 7949.0
26 4642.0
21 5405.0
44 6610.0
19 5379.0
17 10187.0
43 4964.0
16 4904.0
29 7678.0
48 4459.0
10 4569.0
24 4801.0
25 4431.0
14 4437.0
8 4665.0
25 4329.0
1 6966.0
42 4565.0
12 4330.0
48 6980.0
32 4709.0
13 4742.0
28 4876.0
33 4708.0
10 7800.0
29 4693.0
45 5074.0
32 7592.0
38 4812.0
9 4855.0
19 4765.0
44 4589.0
33 4593.0
24 4825.0
48 5016.0
13 7951.0
4 5041.0
37 4980.0
5 7876.0
11 5118.0
5 5269.0
36 5131.0
27 4876.0
41 4733.0
47 5302.0
6 4715.0
33 8049.0
8 5440.0
31 5235.0
27 8307.0
24 5565.0
18 5576.0
36 5469.0
1 5266.0
1 8519.0
1 5234.0
1 4952.0
34 4741.0
1 4862.0
20 4582.0
34 4770.0
26 4835.0
39 7261.0
17 4697.0
34 4653.0
1 7119.0
48 5682.0
47 4467.0
21 5188.0
44 4727.0
4 116740.0
7 6034.0
40 4055.0
21 6757.0
29 4355.0
18 3774.0
17 7140.0
14 6150.0
36 11506.0
20 5620.0
36 3873.0
2 3983.0
37 3553.0
4 3475.0
41 5881.0
3 3147.0
22 3347.0
15 5879.0
27 3186.0
22 3375.0
7 4066.0
14 3365.0
42 3406.0
23 3606.0
12 3188.0
22 6652.0
48 3710.0
27 3871.0
12 3859.0
42 3345.0
47 3707.0
37 3945.0
3 3716.0
45 3633.0
18 3786.0
14 3546.0
33 9293.0
26 4150.0
38 3928.0
33 7493.0
