First MST6919 5883036.0
6919 2874774.0
6908 2028118.0
6908 2717529.0
6901 2821599.0
6900 2949659.0
6853 2351764.0
6815 2150480.0
6815 1868683.0
6815 2282592.0
6815 2046481.0
6794 2129774.0
6794 2053667.0
6749 1977332.0
6734 1877878.0
6720 1903488.0
6720 2177509.0
6720 1781368.0
6720 1877241.0
6715 1876081.0
6715 1883898.0
6715 1769764.0
6715 1807006.0
6654 1263354.0
6654 1178027.0
6586 1744082.0
6586 1315974.0
6586 1780084.0
6586 1240635.0
6586 1229950.0
6528 1933397.0
6528 1244735.0
6528 1307361.0
6528 1125373.0
6523 1304508.0
6517 1328658.0
6498 846447.0
6518 772851.0
6518 758132.0
6518 800208.0
6481 792360.0
6490 812659.0
6434 1204611.0
6429 1190356.0
6429 1279418.0
6429 1236483.0
6429 1186836.0
6438 1250346.0
6424 827778.0
6424 857612.0
6424 1408698.0
6424 786220.0
6405 784605.0
6420 791572.0
6358 770161.0
6358 1222874.0
6358 1387327.0
6357 900949.0
6357 871812.0
6357 774841.0
6357 761339.0
6357 778159.0
6357 767917.0
6368 1432309.0
6401 772185.0
6401 773337.0
6395 1856148.0
6395 950986.0
6395 981315.0
6395 956581.0
6321 1292806.0
6321 1250786.0
6321 1233826.0
6321 1236432.0
6321 1281810.0
6321 1140596.0
6297 1247635.0
6297 1611386.0
6297 1356831.0
6342 1256253.0
6325 4091632.0
6325 2651333.0
6303 1393341.0
6303 1299413.0
6303 3941987.0
6306 1657207.0
6268 1327462.0
6268 1207722.0
6268 1203212.0
6222 2051934.0
6216 1163581.0
6216 1135912.0
6216 1233487.0
6215 1020658.0
6215 742591.0
6215 766581.0
6215 738415.0
6207 1030180.0
6207 833490.0
6207 972428.0
6207 594582.0
6215 848209.0
6215 558985.0
6215 576583.0
6215 616813.0
6151 585786.0
6144 641227.0
6103 609536.0
6103 571565.0
6103 653958.0
6105 609482.0
6117 619035.0
6109 590166.0
6109 574223.0
6064 573067.0
6088 709476.0
6088 643858.0
6088 664708.0
6088 579325.0
6088 676846.0
6088 613531.0
6088 597219.0
6088 610630.0
6088 617612.0
6088 583385.0
6088 2325223.0
6051 489839.0
6045 503606.0
6045 581229.0
6045 671660.0
6046 625895.0
6023 513416.0
6023 505523.0
6015 520768.0
6010 506279.0
5968 506492.0
5968 507827.0
5957 501079.0
5957 519643.0
5904 508916.0
5939 504532.0
5939 507005.0
5939 546375.0
5939 492542.0
5934 498696.0
5899 543202.0
5899 496962.0
5899 515054.0
5818 503428.0
5818 510607.0
5834 513395.0
5835 516181.0
5835 509086.0
5835 509088.0
5835 509596.0
5786 508854.0
5786 513325.0
5777 517171.0
5777 516248.0
5777 498953.0
5777 500458.0
5716 493294.0
5716 521456.0
5712 513010.0
5712 518167.0
5712 523970.0
5702 526730.0
5702 514807.0
5702 615143.0
5702 496673.0
5702 523423.0
5702 516870.0
5702 520400.0
5702 524004.0
5702 555900.0
5702 515932.0
5735 525050.0
5700 516977.0
5700 521032.0
5695 524838.0
5730 522233.0
5695 514790.0
5680 524364.0
5680 533411.0
5671 528595.0
5671 556773.0
5671 522361.0
5671 531658.0
5670 526857.0
5636 526574.0
5636 530117.0
5636 670565.0
5636 820653.0
5623 822069.0
5623 653139.0
5614 542365.0
5578 527309.0
5561 530831.0
5581 531600.0
5581 531967.0
5581 535036.0
5581 532845.0
5581 534400.0
5573 537570.0
5573 520112.0
5540 542686.0
5540 532722.0
5514 536827.0
5514 527756.0
5514 558387.0
5514 531108.0
5514 531090.0
5514 533875.0
5514 532887.0
5539 532321.0
5514 679923.0
5477 868720.0
5477 621947.0
5477 535967.0
5477 575301.0
5473 543649.0
5445 718522.0
5445 820288.0
5470 3993008.0
5433 1052228.0
5455 911325.0
5400 1296997.0
5381 999644.0
5347 859785.0
5347 1166664.0
5347 1070284.0
5347 1093546.0
5347 1380683.0
5341 1641187.0
5341 1135674.0
5341 720672.0
5335 549149.0
5332 588393.0
5332 520101.0
5332 539187.0
5327 548106.0
5323 520205.0
5293 567977.0
5293 823975.0
5293 817473.0
5248 838697.0
5248 797059.0
5223 790847.0
5196 879300.0
5132 803454.0
5128 827835.0
5128 617262.0
5121 605646.0
5117 900486.0
5108 882221.0
5108 727834.0
5108 782864.0
5115 836887.0
5115 599128.0
5115 579574.0
5085 590224.0
5106 559378.0
5106 549409.0
5106 542371.0
5097 533924.0
5097 697110.0
5097 540959.0
5071 554386.0
5048 685178.0
5048 746658.0
5048 541872.0
5048 569118.0
5048 728391.0
5046 1092386.0
5029 989322.0
5029 803914.0
4967 601349.0
4939 718361.0
4939 1168666.0
4914 708765.0
4914 606706.0
4914 630541.0
4914 547928.0
4914 547729.0
4914 547103.0
4914 553775.0
4899 628711.0
4882 797659.0
4882 564478.0
4882 571142.0
4882 554299.0
4829 562201.0
4829 600779.0
4829 587020.0
4812 567662.0
4812 587302.0
4800 551067.0
4800 563576.0
4802 547145.0
4802 560987.0
4802 555580.0
4802 554428.0
4802 547531.0
4774 566602.0
4774 540486.0
4774 620919.0
4773 542626.0
4753 543201.0
4753 560826.0
4753 544202.0
4753 545564.0
4753 582594.0
4748 559762.0
4748 566987.0
4746 556428.0
4746 551577.0
4744 561366.0
4734 576196.0
4736 622043.0
4736 617131.0
4736 563118.0
4736 725012.0
4701 920000.0
4668 648090.0
4648 594870.0
4638 1909792.0
4651 841297.0
4651 576537.0
4651 625641.0
4649 825275.0
4649 842314.0
4649 560768.0
4649 633859.0
4648 818158.0
4648 1082438.0
4648 2325848.0
4648 1009603.0
4648 918631.0
4646 897959.0
4646 856030.0
4646 719299.0
4646 543396.0
4646 858679.0
4646 607637.0
4646 791983.0
4646 851363.0
4646 698225.0
4640 608091.0
4640 834869.0
4640 1213864.0
4640 862439.0
4630 905938.0
4619 632949.0
4619 629136.0
4619 554556.0
4611 600536.0
4611 571669.0
4610 687599.0
4610 753849.0
4602 571089.0
4602 789494.0
4599 556116.0
4599 566563.0
4599 559134.0
4600 563565.0
4558 560525.0
4558 559064.0
4558 581861.0
4561 563407.0
4561 570507.0
4561 590580.0
4561 657792.0
4526 545358.0
4526 563299.0
4530 564890.0
4530 567497.0
4530 564498.0
4530 560382.0
4530 627490.0
4530 555628.0
4530 644108.0
4530 573666.0
4529 608411.0
4529 1008630.0
4529 821648.0
4514 557146.0
4515 574884.0
4516 626830.0
4490 609846.0
4490 631751.0
4488 573233.0
4488 586928.0
4426 823158.0
4426 581623.0
4426 615955.0
4426 574494.0
4412 706498.0
4416 575314.0
4416 611656.0
4416 596328.0
4416 574701.0
4416 578925.0
4401 583020.0
4401 582668.0
4401 728715.0
4401 583058.0
4401 571526.0
4401 573166.0
4383 568773.0
4362 622374.0
4362 586050.0
4362 623104.0
4362 581949.0
4362 603330.0
4362 586686.0
4356 642751.0
4356 583013.0
4354 595309.0
4349 579848.0
4349 582853.0
4349 577799.0
4348 581624.0
4348 585024.0
4324 602331.0
4314 578380.0
4314 602992.0
4314 589736.0
4314 617967.0
4286 586510.0
4286 583628.0
4286 592363.0
4286 621484.0
4286 597884.0
4286 582812.0
4286 585422.0
4286 585793.0
4286 592579.0
4286 581573.0
4275 583938.0
4275 614677.0
4275 604233.0
4275 586008.0
4275 588494.0
4275 592051.0
4275 585185.0
4275 589838.0
4275 588990.0
4270 613073.0
4270 591411.0
4256 593116.0
4256 590849.0
4256 589620.0
4256 592869.0
4247 597553.0
4247 592098.0
4247 683162.0
4247 594799.0
4247 592112.0
4236 586193.0
4236 592118.0
4235 589350.0
4239 596086.0
4239 592805.0
4237 612275.0
4212 597005.0
4212 595695.0
4212 587888.0
4212 594724.0
4212 603223.0
4201 601479.0
4201 599744.0
4201 617394.0
4201 593787.0
4201 592926.0
4201 696312.0
4201 943437.0
4201 930046.0
4201 952222.0
4193 602720.0
4193 627604.0
4193 603692.0
4197 596754.0
4197 600651.0
4197 592682.0
4197 598046.0
4209 666237.0
4209 599094.0
4209 604405.0
4193 850649.0
4193 752717.0
4132 623873.0
4132 603999.0
4132 611968.0
4132 602111.0
4132 662987.0
4132 616072.0
4132 599780.0
4132 599590.0
4132 607303.0
4132 599940.0
4132 625991.0
4132 609758.0
4114 600286.0
4114 683306.0
4114 606790.0
4114 608520.0
4114 622796.0
4102 655832.0
4102 676668.0
4102 605668.0
4102 607895.0
4102 612534.0
4095 612075.0
4095 621206.0
3998 957957.0
3998 602420.0
3998 604389.0
3998 609001.0
3998 603512.0
3998 603872.0
3998 658600.0
3998 621675.0
3998 609263.0
4000 605460.0
4000 608704.0
4000 604737.0
4000 601927.0
4000 668332.0
4000 605470.0
4000 612423.0
3991 605422.0
3991 608810.0
3991 607992.0
3991 610924.0
3991 1818852.0
3991 671817.0
3991 641501.0
3991 611668.0
3979 618296.0
3979 610919.0
3974 656500.0
3955 609253.0
3957 603300.0
3957 614565.0
3953 612223.0
3953 618142.0
3915 617354.0
3915 613922.0
3915 669115.0
3915 613001.0
3923 611599.0
3923 609215.0
3856 616939.0
3854 615341.0
3854 612369.0
3854 617346.0
3854 620201.0
3854 620947.0
3854 610646.0
3849 617002.0
3849 624432.0
3849 624261.0
3849 618871.0
3849 702685.0
3849 624729.0
3849 618083.0
3849 612820.0
3849 616139.0
3849 613172.0
3845 615392.0
3845 664169.0
3845 635022.0
3849 659146.0
3849 618773.0
3849 618609.0
3849 624087.0
3854 624389.0
3850 624289.0
3840 644312.0
3840 626056.0
3834 637542.0
3836 621027.0
3836 620171.0
3836 661108.0
3812 625897.0
3812 632754.0
3801 655242.0
3801 627865.0
3801 624961.0
3801 621494.0
3801 625953.0
3801 695732.0
3801 621319.0
3801 677954.0
3801 635389.0
3797 629377.0
3773 620885.0
3773 625506.0
3773 627163.0
3773 623825.0
3771 625304.0
3771 632871.0
3771 624131.0
3771 626774.0
3756 629253.0
3755 632252.0
3755 628761.0
3755 622580.0
3755 679182.0
3755 629043.0
3713 642560.0
3705 630643.0
3705 647036.0
3705 633806.0
3705 625312.0
3705 653640.0
3705 637144.0
3705 629143.0
3708 632874.0
3708 656180.0
3707 638578.0
3707 725148.0
3707 631098.0
3707 634809.0
3707 640274.0
3707 637992.0
3707 635045.0
3690 633310.0
3687 653042.0
3687 644883.0
3669 629779.0
3669 641731.0
3669 633680.0
3669 642446.0
3669 629864.0
3669 630288.0
3661 709524.0
3661 639030.0
3643 645629.0
3643 638777.0
3641 640640.0
3641 640103.0
3641 635474.0
3641 811664.0
3641 1018690.0
3641 975216.0
3639 1045743.0
3620 754522.0
3620 657209.0
3620 697629.0
3622 656050.0
3622 648463.0
3609 645098.0
3609 693975.0
3609 644980.0
3609 637998.0
3609 636938.0
3609 639880.0
3609 640300.0
3609 646488.0
3609 647968.0
3609 641336.0
3585 641569.0
3585 676055.0
3585 699738.0
3585 654801.0
3585 682261.0
3585 642972.0
3585 641381.0
3585 649020.0
3585 666887.0
3585 648394.0
3585 643183.0
3574 644501.0
3578 689707.0
3578 666780.0
3565 647906.0
3565 647574.0
3565 646257.0
3565 646509.0
3535 824813.0
3535 650717.0
3535 649160.0
3535 646621.0
3535 706959.0
3521 761551.0
3519 637941.0
3536 652480.0
3536 642575.0
3534 636803.0
3515 636991.0
3515 637507.0
3505 650221.0
3505 635647.0
3505 671941.0
3505 651561.0
3500 654002.0
3500 660071.0
3500 666670.0
3486 778498.0
3486 655283.0
3486 661894.0
3486 663919.0
3486 704145.0
3486 655801.0
3492 654387.0
3492 705107.0
3492 663368.0
3492 655311.0
3492 657558.0
3475 648866.0
3475 654228.0
3475 649132.0
3475 700779.0
3475 660495.0
3475 655699.0
3475 707515.0
3475 649385.0
3473 653328.0
3473 654095.0
3473 706080.0
3483 668898.0
3484 660597.0
3448 671287.0
3448 660735.0
3448 768189.0
3429 660115.0
3429 662915.0
3429 670123.0
3429 690338.0
3429 761272.0
3429 744920.0
3429 700286.0
3429 705467.0
3429 725280.0
3428 697828.0
3428 734167.0
3428 697996.0
3428 653890.0
3375 662568.0
3375 651457.0
3373 668199.0
3373 668153.0
3373 678727.0
3373 649759.0
3373 645945.0
3373 650182.0
3373 659649.0
3376 684518.0
3376 648383.0
3364 645322.0
3364 657691.0
3364 650554.0
3364 651001.0
3364 690529.0
3364 651880.0
3364 650201.0
3364 656116.0
3364 665444.0
3364 687460.0
3364 650060.0
3361 665745.0
3361 651249.0
3361 654851.0
3361 655968.0
3361 699090.0
3361 655946.0
3361 656562.0
3355 663427.0
3358 726181.0
3355 653525.0
3355 658851.0
3355 656152.0
3355 658964.0
3355 651536.0
3355 659978.0
3355 978749.0
3355 1212967.0
3355 1058333.0
3355 1085934.0
3343 1401998.0
3343 1292292.0
3343 1159015.0
3343 666522.0
3343 680112.0
3343 681425.0
3343 661612.0
3343 672194.0
3343 680987.0
3343 704489.0
3343 704643.0
3343 705987.0
3343 662839.0
3343 659738.0
3343 667520.0
3343 688369.0
3343 678213.0
3343 668172.0
3343 673136.0
3343 667159.0
3343 677248.0
3343 723162.0
3343 672973.0
3343 675729.0
3343 663389.0
3343 663910.0
3343 666807.0
3343 765094.0
3343 671475.0
3343 667110.0
3343 663333.0
3343 713764.0
3343 687344.0
3343 742251.0
3343 707512.0
3338 677059.0
3338 679924.0
3335 939441.0
3335 1136874.0
3335 942424.0
3335 885655.0
3335 699346.0
3338 726363.0
3335 663792.0
3335 640734.0
3335 643791.0
3321 639005.0
3321 835145.0
3321 810097.0
3321 788021.0
3321 953586.0
3321 1157936.0
3321 1037223.0
3318 766901.0
3318 1298579.0
3318 986154.0
3318 742789.0
3318 801583.0
3318 699544.0
3318 700145.0
3318 688297.0
3310 690634.0
3311 684895.0
3290 686355.0
3255 691748.0
3255 686887.0
3255 708312.0
3255 693213.0
3255 681252.0
3255 683259.0
3259 689465.0
3255 727961.0
3250 688811.0
3250 693578.0
3247 698412.0
3247 688178.0
3247 682084.0
3232 696287.0
3238 728835.0
3238 730381.0
3238 694872.0
3234 693107.0
3234 689970.0
3234 694589.0
3230 697237.0
3230 736326.0
3230 697170.0
3230 689067.0
3230 884105.0
3230 693341.0
3230 690531.0
3234 704751.0
3234 698638.0
3234 690332.0
3234 697070.0
3234 698480.0
3216 693354.0
3212 689257.0
3212 809422.0
3205 689933.0
3205 698560.0
3191 698035.0
3195 695922.0
3195 697982.0
3195 695041.0
3192 736815.0
3192 693968.0
3192 700570.0
3192 694876.0
3192 758154.0
3197 701235.0
3197 695208.0
3189 729707.0
3189 700153.0
3189 707167.0
3189 699668.0
3189 700599.0
3189 701108.0
3189 696114.0
3189 774227.0
3189 704731.0
3189 705934.0
3189 698978.0
3193 698921.0
3193 729771.0
3189 701199.0
3187 699841.0
3187 692357.0
3187 697987.0
3166 701057.0
3166 789129.0
3166 695414.0
3166 702167.0
3166 698909.0
3166 696913.0
3158 700174.0
3157 700075.0
3157 786346.0
3157 700521.0
3157 701895.0
3157 699554.0
3161 739539.0
3161 702491.0
3161 696211.0
3161 1110972.0
3157 1176012.0
3157 1074166.0
3161 1099710.0
3161 1059863.0
3158 1122832.0
3154 1079620.0
3148 705586.0
3148 778987.0
3152 714791.0
3152 700372.0
3148 716989.0
3148 708522.0
3148 699771.0
3148 702598.0
3148 707500.0
3148 707925.0
3148 698490.0
3132 702726.0
3136 700673.0
3136 701308.0
3093 725414.0
3097 704801.0
3097 714361.0
3097 701357.0
3097 711948.0
3093 727222.0
3085 704694.0
3085 702858.0
3088 703121.0
3088 717177.0
3083 705227.0
3062 708130.0
3062 837200.0
3062 1113475.0
3028 1073874.0
3027 772065.0
3027 767346.0
3027 734557.0
3027 719846.0
3019 710067.0
3019 714916.0
3019 708247.0
3004 725628.0
3004 688839.0
3004 713102.0
3016 710300.0
3016 702617.0
3016 717005.0
3016 709033.0
3016 712434.0
3020 791892.0
3017 708396.0
3017 728000.0
3014 712682.0
2991 714683.0
2991 709479.0
2991 714243.0
2991 831443.0
2979 827614.0
2979 821829.0
2963 826508.0
2952 920654.0
2952 765635.0
2956 771292.0
2956 771739.0
2956 725858.0
2956 769652.0
2956 723006.0
2956 744846.0
2956 720102.0
2956 724918.0
2949 719022.0
2949 719906.0
2949 716960.0
2949 735717.0
2949 717109.0
