First MST14541 9513463.0
14541 6196943.0
14534 4738585.0
14534 3091583.0
14534 4062039.0
14534 4733088.0
14528 4054862.0
14493 4424952.0
14493 3553161.0
14489 4329199.0
14466 4074970.0
14474 3704886.0
14474 2999315.0
14474 2795027.0
14474 2781801.0
14453 2838514.0
14453 3998662.0
14445 2289777.0
14442 2115146.0
14423 2055310.0
14423 1905703.0
14423 2749035.0
14423 2766571.0
14423 2828191.0
14423 2969626.0
14406 3034979.0
14340 2950326.0
14340 4345711.0
14340 2879857.0
14340 3094353.0
14340 3133476.0
14340 2863379.0
14281 2985394.0
14278 2977244.0
14254 2987647.0
14244 1.1190226E7
14244 3051226.0
14245 3375598.0
14244 2807543.0
14244 2028079.0
14244 3003138.0
14253 3326253.0
14242 3574734.0
14200 3442733.0
14200 2971005.0
14200 4462941.0
14200 2828404.0
14200 2971773.0
14200 2065987.0
14200 1658696.0
14200 1526423.0
14147 1587916.0
14147 1555567.0
14143 1497932.0
14116 1573800.0
14116 1540370.0
14116 1488585.0
14116 3935138.0
14116 1147561.0
14116 1317098.0
14116 1191582.0
14093 1078496.0
14078 1191259.0
14033 1248421.0
14033 1271690.0
14033 1457649.0
14033 1295918.0
14033 1244639.0
14033 1235810.0
14033 1216555.0
14021 1247876.0
14021 1253699.0
14002 1139536.0
14002 1217091.0
13995 1182237.0
13995 1181290.0
13980 1149436.0
13954 1130160.0
13954 1131932.0
13954 1140912.0
13941 3437729.0
13941 1325245.0
13904 1309143.0
13881 1280903.0
13881 1214659.0
13866 1210868.0
13866 1372236.0
13866 1198244.0
13866 1329351.0
13867 1255020.0
13864 1149574.0
13796 1137547.0
13796 1193126.0
13796 1191664.0
13796 1622011.0
13780 1930968.0
13780 1269844.0
13791 1226482.0
13756 1180751.0
13756 1171151.0
13756 1340776.0
13754 1216548.0
13754 1318019.0
13754 1207728.0
13754 1148361.0
13701 1149445.0
13637 1371450.0
13637 1250010.0
13637 1169679.0
13686 1174563.0
13661 1159536.0
13660 1156124.0
13655 1172226.0
13655 1157268.0
13657 1141368.0
13635 1140146.0
13635 1210804.0
13635 1177520.0
13632 1136447.0
13626 1140147.0
13626 1210811.0
13626 1208920.0
13662 1150258.0
13662 1147203.0
13692 1171220.0
13692 3330826.0
13692 1249129.0
13692 2020886.0
13676 1253584.0
13631 1327713.0
13638 1211690.0
13633 1228118.0
13633 1220705.0
13633 1193065.0
13633 1222084.0
13633 1186507.0
13633 1213655.0
13591 1245744.0
13591 1157467.0
13584 1211403.0
13556 1154802.0
13556 1224140.0
13556 1149276.0
13556 1155437.0
13548 1339154.0
13525 1363789.0
13525 1232359.0
13532 1336200.0
13512 1306980.0
13512 1205363.0
13504 1229275.0
13505 1211610.0
13494 1255881.0
13494 1242588.0
13487 1149933.0
13487 1159731.0
13487 1199602.0
13428 1182552.0
13400 1243425.0
13362 1233273.0
13361 1217763.0
13300 1156626.0
13300 1153887.0
13297 1212229.0
13281 1157670.0
13237 1152714.0
13237 1156352.0
13237 1226166.0
13236 1235099.0
13236 1150884.0
13236 1257907.0
13236 1330762.0
13236 1210484.0
13236 1149356.0
13173 1281534.0
13173 1208447.0
13167 1150678.0
13167 1149335.0
13188 1170067.0
13188 1253225.0
13188 1177679.0
13188 1269400.0
13188 1166796.0
13194 1209275.0
13194 1159319.0
13194 1220320.0
13194 1219303.0
13194 1303373.0
13190 1223094.0
13148 1165671.0
13146 1162622.0
13146 1617912.0
13145 1233445.0
13128 2638264.0
13128 1241718.0
13128 1416179.0
13109 1933282.0
13104 1754324.0
13104 1972131.0
13100 1895687.0
13100 1411049.0
13100 1296616.0
13083 1249446.0
13075 1303559.0
13075 1236087.0
13039 1174161.0
13039 1167560.0
13039 1194530.0
13039 1168093.0
12932 1164313.0
12932 1157982.0
12932 1306275.0
12932 1259384.0
12932 1233671.0
12898 1161012.0
12898 1251307.0
12835 1175211.0
12867 1224161.0
12867 1162019.0
12867 1255526.0
12849 1177651.0
12839 1164216.0
12839 1167950.0
12839 1230171.0
12772 1181623.0
12772 1174282.0
12772 1186788.0
12772 1202599.0
12744 1192980.0
12744 1165307.0
12744 1165999.0
12744 1279680.0
12744 1269932.0
12720 1227641.0
12720 1173201.0
12703 1233476.0
12703 1236387.0
12703 1157255.0
12703 1166420.0
12703 1215969.0
12703 1174401.0
12688 1214300.0
12688 1241320.0
12688 1287190.0
12614 1163300.0
12587 2218022.0
12587 2127469.0
12536 2476856.0
12531 1492284.0
12531 1311261.0
12505 1137389.0
12505 1163450.0
12465 1213688.0
12461 1130754.0
12461 1136100.0
12420 1921911.0
12420 1872622.0
12408 1262569.0
12405 1282373.0
12397 1212968.0
12396 1217523.0
12396 1214529.0
12396 2677047.0
12396 1398232.0
12371 1281041.0
12356 1233912.0
12356 1222643.0
12356 1210556.0
12343 1201104.0
12343 1247672.0
12343 1364861.0
12343 1220222.0
12343 1249091.0
12315 1247034.0
12265 1264543.0
12265 1277331.0
12265 1184368.0
12246 1178628.0
12246 1288087.0
12233 1272428.0
12233 1189738.0
12233 1188780.0
12228 1271298.0
12228 1319242.0
12228 1251717.0
12228 1187261.0
12199 1222896.0
12179 1201289.0
12179 1187003.0
12179 1208736.0
12175 1193726.0
12127 1268383.0
12127 1278030.0
12127 1282307.0
12127 1232688.0
12127 1216088.0
12127 1247983.0
12127 1186743.0
12080 1194702.0
12080 1196761.0
12080 1187871.0
12080 1248618.0
12080 1187100.0
12018 1199001.0
12018 1189913.0
12018 1232324.0
12018 1190947.0
11961 1190091.0
11961 1227329.0
11961 1216178.0
11934 1195104.0
11934 1210115.0
11934 1202907.0
11934 1185942.0
11923 1203338.0
11923 1196486.0
11923 1190543.0
11913 1207526.0
11836 1200646.0
11830 1512250.0
11836 1309913.0
11836 1228807.0
11836 1276910.0
11780 1200442.0
11756 1201881.0
11756 1212983.0
11756 1205497.0
11722 1206655.0
11728 1969287.0
11693 1942676.0
11693 1236224.0
11693 1193049.0
11702 1866383.0
11702 1857002.0
11702 1861015.0
11702 1894286.0
11702 1247001.0
11702 1277349.0
11676 1216786.0
11676 1254922.0
11676 1204520.0
11676 1216812.0
11676 1232074.0
11678 1272582.0
11678 1211120.0
11678 1319921.0
11671 1201398.0
11671 1208592.0
11671 1192571.0
11671 1216752.0
11671 1198340.0
11604 1209349.0
11604 1209112.0
11543 1210252.0
11543 1186733.0
11520 1123787.0
11520 1103002.0
11520 1097092.0
11520 1100762.0
11516 1100717.0
11516 1205931.0
11513 1278386.0
11490 1196513.0
11519 1243426.0
11495 1277141.0
11455 1202504.0
11455 1205432.0
11455 1212758.0
11458 1198722.0
11458 1183812.0
11458 1221190.0
11458 1239443.0
11468 1193704.0
11468 1204620.0
11468 1266616.0
11468 1208839.0
11468 1207554.0
11468 1249045.0
11468 1249043.0
11468 1233996.0
11468 1213408.0
11416 1222233.0
11416 1212158.0
11403 1888698.0
11402 1300443.0
11363 1226437.0
11357 1330036.0
11358 1344924.0
11336 1216940.0
11336 1203412.0
11355 1207688.0
11330 1355158.0
11316 1216272.0
11316 1203260.0
11316 1208369.0
11316 1224305.0
11272 1211531.0
11267 3403090.0
11267 1308641.0
11267 1234723.0
11267 1222089.0
11267 1237098.0
11259 1279356.0
11265 1264643.0
11263 1241101.0
11263 1214888.0
11263 1221532.0
11263 1228636.0
11259 1220555.0
11259 1255907.0
11259 1390770.0
11197 1465793.0
11194 1531008.0
11194 1554977.0
11168 1566711.0
11132 1549711.0
11132 1498272.0
11116 1445215.0
11116 1340283.0
11116 1327213.0
11116 1309116.0
11116 1218104.0
11116 1217674.0
11086 1329890.0
11039 1356621.0
11039 1336430.0
11086 1327390.0
11086 1361612.0
11086 1353765.0
11086 1301539.0
11086 1286831.0
11039 1255065.0
11038 1266127.0
11038 1220286.0
11085 1227051.0
11085 1235761.0
11085 1230891.0
11082 1227263.0
11082 1220654.0
11055 1230024.0
11055 1236263.0
11032 1239084.0
11015 1223870.0
11015 1246479.0
11005 1274334.0
11005 1242480.0
11005 1298024.0
10967 1241867.0
10967 1383521.0
10912 1302067.0
10912 1319578.0
10912 1235922.0
10865 1245462.0
10831 1302908.0
10835 1347163.0
10831 1314162.0
10786 1301478.0
10833 1311220.0
10813 1294021.0
10813 1235050.0
10791 1231334.0
10791 1263836.0
10791 1294930.0
10791 1312131.0
10793 1305531.0
10793 1313449.0
10746 1695261.0
10681 1820361.0
10681 1629784.0
10652 1603039.0
10693 2358532.0
10693 2249621.0
10693 1739326.0
10693 1586758.0
10703 1374990.0
10656 1309942.0
10656 1570773.0
10703 1594537.0
10703 1635743.0
10703 1568400.0
10693 1617928.0
10618 1494417.0
10618 1526485.0
10628 1505989.0
10628 1636986.0
10573 1580136.0
10573 1627069.0
10573 1729067.0
10570 1590441.0
10569 1638906.0
10557 1546849.0
10549 1570337.0
10549 1667222.0
10502 1766357.0
10502 1491291.0
10502 1598549.0
10502 1556306.0
10534 1633748.0
10523 1533626.0
10523 1592684.0
10523 1599934.0
10513 1570408.0
10523 1523059.0
10523 1790264.0
10501 1862434.0
10501 1836984.0
10454 1764308.0
10501 1460914.0
10501 1631906.0
10505 1546238.0
10505 1578387.0
10498 1533630.0
10498 1638910.0
10420 1547730.0
10420 1517543.0
10420 1508752.0
10420 1593584.0
10417 1565245.0
10417 1570721.0
10417 1611735.0
10417 1680482.0
10417 1575572.0
10407 1561569.0
10393 1525791.0
10393 1543461.0
10393 1525666.0
10393 1529007.0
10393 1497063.0
10393 1512705.0
10393 3839811.0
10393 1291653.0
10393 1274328.0
10393 1279564.0
10393 1292938.0
10393 1282658.0
10389 1320918.0
10389 1257233.0
10380 1262271.0
10380 1234432.0
10368 1238010.0
10282 1312834.0
10282 1251239.0
10282 1246299.0
10272 1245923.0
10272 1239766.0
10282 1272773.0
10282 1255062.0
10279 1257594.0
10279 1237586.0
10275 1293307.0
10275 1256861.0
10275 1245774.0
10219 1238228.0
10219 1257495.0
10173 1249828.0
10173 1266765.0
10139 1251983.0
10139 1245408.0
10139 1240858.0
10139 1243292.0
10139 1391699.0
10139 1245115.0
10139 1252720.0
10139 1242703.0
10139 1285979.0
10129 1332401.0
10129 1248343.0
10113 1252523.0
10094 1264975.0
10099 1246220.0
10099 1290145.0
10099 1287818.0
10108 1246708.0
10108 1275765.0
10099 1255091.0
10099 1271678.0
10099 1287510.0
10099 1256578.0
10099 1245077.0
10099 1269414.0
10099 1180641.0
10060 1151811.0
10060 1165789.0
10060 1202523.0
10060 1214411.0
10060 1244809.0
10060 1282755.0
10060 1294595.0
10060 1294945.0
10074 1293085.0
10064 1274162.0
10054 1435546.0
10054 1270496.0
9997 1308327.0
10000 1299673.0
9964 1262529.0
9944 1268677.0
9944 1261578.0
9944 1349393.0
9942 1269787.0
9942 1269987.0
9935 1263648.0
9935 1337508.0
9924 1299833.0
9910 1464979.0
9910 1317172.0
9910 1569041.0
9900 1601234.0
9900 1293374.0
9900 1304912.0
9900 1323923.0
9900 1337396.0
9916 1313779.0
9884 1261707.0
9884 1264542.0
9884 1337023.0
9884 1330788.0
9854 1279995.0
9826 1267706.0
9826 1353511.0
9826 1276212.0
9826 1256463.0
9827 1283244.0
9827 1273672.0
9796 1268016.0
9796 1269012.0
9796 1303599.0
9784 1327794.0
9778 1272283.0
9778 1318753.0
9778 1287840.0
9773 1325651.0
9773 1303008.0
9773 1384034.0
9773 1298946.0
9740 1300921.0
9740 1274832.0
9740 1355925.0
9720 1524893.0
9720 1325092.0
9720 1309821.0
9747 1267394.0
9747 1308550.0
9745 1300378.0
9742 1413240.0
9738 1322899.0
9729 1297199.0
9739 1320926.0
9739 1280181.0
9699 1273785.0
9695 1281665.0
9689 1272462.0
9689 1297493.0
9689 1276555.0
9689 1283229.0
9689 1264014.0
9695 1310659.0
9695 1270120.0
9659 1284346.0
9650 2637125.0
9650 1363048.0
9603 1282573.0
9594 1327738.0
9594 1279420.0
9579 1321454.0
9579 1274210.0
9579 1298524.0
9579 1279738.0
9579 1273065.0
9579 1314453.0
9570 1286317.0
9562 1279128.0
9552 1287521.0
9552 1309974.0
9552 1289945.0
9552 1273917.0
9537 1404617.0
9526 1307392.0
9530 1285663.0
9532 1273153.0
9532 1270703.0
9538 1296611.0
9538 1323856.0
9535 1281353.0
9535 1296267.0
9535 1386640.0
9535 1372813.0
9489 1294977.0
9506 1336704.0
9492 1334131.0
9492 1313013.0
9492 1296206.0
9488 1284988.0
9488 1275590.0
9476 1284606.0
9472 1320109.0
9472 1292782.0
9474 1324514.0
9474 1287195.0
9449 1306843.0
9449 1282637.0
9422 1290672.0
9415 1288917.0
9415 1282150.0
9422 1293181.0
9422 1282813.0
9422 1296345.0
9422 1292201.0
9422 1288485.0
9422 1358913.0
9341 1287215.0
9341 1290283.0
9341 1314352.0
9324 1282340.0
9324 1285162.0
9324 1287694.0
9324 1306031.0
9288 1291839.0
9288 1316878.0
9288 1305312.0
9288 1325322.0
9288 1333508.0
9288 1349961.0
9288 1305576.0
9288 1369014.0
9288 1331750.0
9288 1303471.0
9288 1334556.0
9288 1305820.0
9288 1309840.0
9288 1289832.0
9287 1297221.0
9287 1293066.0
9285 1290491.0
9285 1344293.0
9282 1315411.0
9257 1299683.0
9257 1297241.0
9257 1289809.0
9257 1311150.0
9257 1367104.0
9228 1291902.0
9243 1373296.0
9243 1287923.0
9243 1291292.0
9243 1291784.0
9270 1334287.0
9270 1309414.0
9260 1298020.0
9260 1283371.0
9248 1325879.0
9230 1306081.0
9240 1330206.0
9240 1337255.0
9240 1537327.0
9240 1602020.0
9240 1644617.0
9242 1652226.0
9249 1626028.0
9249 1633325.0
9249 1474818.0
9248 1432330.0
9248 1403699.0
9248 1434396.0
9248 1401090.0
9248 1319333.0
9248 1319719.0
9248 1303050.0
9211 1373587.0
9192 2169031.0
9192 1385541.0
9192 1405469.0
9196 1367172.0
9196 1398104.0
9196 1355545.0
9196 1385200.0
9196 1305040.0
9196 1309610.0
9196 1386691.0
9171 1318263.0
9200 1300990.0
9200 1389380.0
9200 1328579.0
9200 2161320.0
9189 1391097.0
9189 1339526.0
9189 1368100.0
9179 1399011.0
9186 1347606.0
9190 1339651.0
9190 1319278.0
9190 1393450.0
9190 1346111.0
9190 1328332.0
9160 1570256.0
9160 1668946.0
9160 1357106.0
9160 1468644.0
9143 1318976.0
9143 1361391.0
9143 1324255.0
9143 1374770.0
9135 1384933.0
9126 1400151.0
9114 1320341.0
9104 1319927.0
9114 1371264.0
9114 1328373.0
9114 1416027.0
9114 1403945.0
9112 1357284.0
9112 1342043.0
9112 1318481.0
9112 1337478.0
9112 1373721.0
9088 1358214.0
9088 1392959.0
9088 1307438.0
9088 1423439.0
9088 2568148.0
9088 2308376.0
9084 2438540.0
9081 1708816.0
9052 1413527.0
9081 1364099.0
9052 1393362.0
9058 1343014.0
9058 1327527.0
9058 1339529.0
9058 1568327.0
9058 1425580.0
9058 1341626.0
9058 1403002.0
9062 1338767.0
9062 1318820.0
9047 1319317.0
9047 1374906.0
9047 1346824.0
9047 1332902.0
9027 1324544.0
9034 1356004.0
9050 1334109.0
9050 1327328.0
8987 1388295.0
8987 1340113.0
8964 1333004.0
8964 1320316.0
8964 1352960.0
8964 1345689.0
8964 1324051.0
8964 1347360.0
8964 1340262.0
8964 1455368.0
8948 1515302.0
8948 1432293.0
8939 1415818.0
8939 1339259.0
8939 1428707.0
8940 1383558.0
8940 1322312.0
8944 1358619.0
8927 1353861.0
8904 1387266.0
8904 1324282.0
8890 1328276.0
8889 1423997.0
8883 1385797.0
8883 1407021.0
8893 1336340.0
8874 1327959.0
8874 1336156.0
8874 1373126.0
8874 1363569.0
8874 1417697.0
8874 1333265.0
8874 1331320.0
8874 1383602.0
8874 1416300.0
8874 1350000.0
8874 1484843.0
8871 1368492.0
8871 1370885.0
8871 1452701.0
8860 1349739.0
8850 1336452.0
8860 1356773.0
8860 1404635.0
8827 1337869.0
8827 1348856.0
8821 1354032.0
8814 1386577.0
8820 1333567.0
8800 1373309.0
8800 1332953.0
8800 1388805.0
8800 1356843.0
8798 1335368.0
8798 1347358.0
8798 1338189.0
8798 1425247.0
8798 1350752.0
8798 1332011.0
8792 1502652.0
8762 1456566.0
8762 1414615.0
8733 1439279.0
8762 1344670.0
8762 1365538.0
8762 1360391.0
8762 1340908.0
8762 1386202.0
8772 1408321.0
8772 1335204.0
8772 1353740.0
8755 1349813.0
8738 1337740.0
8738 1334914.0
8715 1372996.0
8715 1380849.0
8725 1391085.0
8725 1442369.0
8725 1336556.0
8738 1423324.0
8738 1353631.0
8738 1392329.0
8725 1442370.0
8725 1361701.0
8725 1346201.0
8725 1357433.0
8725 1378798.0
8723 1363316.0
8722 1343381.0
8703 1346062.0
8669 1417268.0
8669 1426556.0
8669 1395444.0
8659 1444191.0
8659 1429688.0
8659 1357513.0
8659 1339637.0
8659 1369789.0
8659 1347954.0
8584 1366238.0
8533 1376281.0
8533 1347486.0
8533 1359947.0
8533 1358333.0
8533 1405902.0
8533 1413971.0
8533 1358801.0
8523 1347351.0
8515 1355270.0
8516 1360326.0
8516 1385215.0
8516 1387120.0
8516 1359830.0
8515 1365045.0
8474 1349900.0
8474 1377716.0
8474 1359903.0
8463 1357176.0
8453 1366827.0
8453 1352065.0
8453 1362989.0
8453 1412611.0
8444 1391670.0
8420 1370281.0
8420 1841461.0
8416 1472147.0
8416 1371627.0
8416 1450052.0
8381 1363470.0
8381 1422626.0
8381 1396748.0
8381 1403861.0
8371 1444004.0
8371 1367551.0
8381 1403814.0
8381 1366221.0
8379 1374353.0
8354 1411739.0
8354 1446904.0
8354 1429104.0
8340 1380930.0
8299 1482578.0
8299 1382440.0
8284 1393091.0
8279 1423536.0
8279 1395272.0
8279 1367356.0
8279 1366578.0
8279 1402982.0
8279 1369868.0
8279 1416866.0
8269 1464919.0
8279 1395765.0
8279 1372546.0
8279 1363975.0
8268 1376320.0
8268 1378472.0
8268 1379257.0
