First MST834 1487436.0
834 674590.0
815 650214.0
755 512960.0
755 586168.0
742 397332.0
733 414577.0
727 332662.0
727 308662.0
725 291654.0
725 277474.0
695 272654.0
695 158824.0
686 205063.0
686 243357.0
694 254962.0
694 250597.0
694 249735.0
694 240835.0
674 263558.0
674 227976.0
674 232346.0
674 229196.0
674 229943.0
674 238848.0
655 320667.0
655 255915.0
655 250841.0
593 238294.0
587 228071.0
587 229022.0
587 244451.0
587 230297.0
585 253521.0
585 256734.0
585 272662.0
585 264129.0
569 265613.0
569 294407.0
569 267470.0
536 262819.0
536 272779.0
536 268770.0
536 263329.0
527 286034.0
527 226375.0
527 248256.0
527 216255.0
527 237948.0
524 222014.0
524 218435.0
524 232551.0
524 141364.0
511 165391.0
491 218586.0
491 242335.0
495 223549.0
454 221026.0
448 219165.0
445 226149.0
445 221639.0
445 225253.0
433 222554.0
420 218993.0
420 242701.0
420 232110.0
420 236217.0
420 381177.0
420 244278.0
420 227832.0
420 223453.0
420 223471.0
420 225526.0
420 218067.0
413 223682.0
405 229207.0
405 235398.0
381 248924.0
368 230841.0
368 302425.0
368 3868614.0
368 254781.0
368 208277.0
368 220621.0
368 204611.0
368 223435.0
368 244792.0
368 218918.0
368 205704.0
368 259985.0
383 206085.0
383 202986.0
383 205360.0
383 206638.0
383 203729.0
383 205407.0
383 209762.0
383 207216.0
383 208438.0
383 212972.0
383 207775.0
383 207384.0
383 217018.0
383 236737.0
383 234513.0
383 244519.0
383 296672.0
383 244859.0
361 251228.0
361 233878.0
361 233886.0
361 235404.0
361 237789.0
361 230949.0
361 236441.0
361 240246.0
361 238915.0
361 237265.0
361 243414.0
361 237391.0
361 238757.0
361 243559.0
361 246518.0
361 128245.0
361 124041.0
357 127952.0
357 160007.0
357 123994.0
357 129789.0
357 130850.0
332 128124.0
332 128207.0
331 127143.0
331 128580.0
331 133834.0
331 132400.0
331 130773.0
331 935407.0
307 132695.0
307 131713.0
307 129969.0
295 130806.0
295 148994.0
295 136465.0
295 130645.0
295 129715.0
295 129332.0
295 131130.0
292 130681.0
292 136372.0
267 133685.0
267 130380.0
267 133880.0
267 132278.0
267 132437.0
260 127522.0
260 145025.0
253 147802.0
253 144799.0
253 149059.0
253 153305.0
253 151116.0
253 147257.0
253 147713.0
253 140079.0
253 148420.0
251 153993.0
251 143888.0
251 151081.0
251 151363.0
251 1529269.0
250 96534.0
250 89856.0
250 92401.0
250 89922.0
250 87824.0
250 88789.0
250 87456.0
250 88498.0
250 117083.0
250 88006.0
250 87103.0
250 87768.0
250 88387.0
247 93423.0
247 91063.0
247 89420.0
247 89827.0
247 87814.0
250 90392.0
250 90587.0
250 90608.0
250 88264.0
250 91286.0
250 161623.0
250 148960.0
250 148860.0
250 155918.0
250 151471.0
250 154660.0
250 158670.0
250 158717.0
251 161496.0
251 161620.0
251 162417.0
251 158297.0
251 161075.0
251 161242.0
251 158381.0
251 161967.0
251 163446.0
251 159712.0
251 159826.0
251 169395.0
251 152782.0
251 187153.0
251 157863.0
251 162611.0
251 159782.0
251 161534.0
251 164831.0
251 159823.0
251 96445.0
251 95706.0
251 96211.0
251 94555.0
251 94780.0
252 127173.0
252 96699.0
252 95916.0
252 95422.0
252 95077.0
250 525360.0
250 169932.0
250 172437.0
250 167658.0
250 167789.0
250 166807.0
250 168675.0
250 160282.0
250 157698.0
250 163590.0
250 164553.0
250 168649.0
242 162752.0
242 167350.0
242 168649.0
230 170356.0
220 173459.0
220 170730.0
220 170415.0
220 173289.0
220 172642.0
220 179224.0
220 171521.0
220 184879.0
207 182932.0
207 176902.0
207 175789.0
207 184639.0
207 175461.0
207 176462.0
207 179778.0
207 180617.0
209 169729.0
209 180594.0
209 177290.0
201 186993.0
201 191716.0
201 161713.0
201 184718.0
201 172148.0
201 178685.0
201 177006.0
201 216398.0
201 175505.0
196 561223.0
196 175386.0
196 179757.0
196 180231.0
196 176000.0
196 178999.0
196 168192.0
196 187825.0
196 180945.0
190 178771.0
184 170427.0
184 177081.0
184 180940.0
184 258167.0
184 172119.0
184 178384.0
184 173206.0
184 168012.0
184 168701.0
184 168447.0
184 174896.0
178 171200.0
178 169968.0
178 178332.0
178 167970.0
178 170893.0
171 192472.0
171 169863.0
171 176242.0
171 169682.0
184 168551.0
184 168948.0
184 169406.0
184 466529.0
184 188106.0
184 186940.0
184 178921.0
175 183513.0
175 181839.0
177 193654.0
177 193789.0
177 208728.0
173 194366.0
173 192853.0
173 187095.0
173 187649.0
173 188711.0
173 190605.0
173 192138.0
173 179913.0
173 171615.0
173 186372.0
173 192508.0
173 188077.0
173 187148.0
173 198685.0
173 196319.0
173 198738.0
173 199229.0
173 195531.0
173 193321.0
175 200342.0
175 193851.0
175 188792.0
175 195297.0
175 194112.0
175 201789.0
175 199654.0
175 196877.0
175 188190.0
175 198569.0
175 204357.0
175 204789.0
175 194924.0
175 198053.0
175 195901.0
175 205648.0
175 122959.0
175 122539.0
175 120641.0
175 119580.0
175 124542.0
175 121891.0
175 120493.0
175 118302.0
175 117743.0
175 194888.0
171 193298.0
171 187049.0
171 199982.0
171 195356.0
169 180325.0
169 189720.0
169 224999.0
169 195754.0
169 198840.0
169 210749.0
169 210984.0
169 198044.0
169 206184.0
169 205336.0
169 211741.0
169 203939.0
169 205807.0
169 194782.0
169 187749.0
169 203326.0
169 221140.0
169 215137.0
171 209708.0
171 207615.0
171 196717.0
171 221054.0
171 213080.0
171 212015.0
171 220530.0
171 225359.0
171 206824.0
171 213878.0
171 242890.0
171 214905.0
171 210728.0
171 212120.0
171 209250.0
171 210479.0
172 218747.0
172 210687.0
173 212334.0
173 217373.0
173 200770.0
173 211206.0
167 214343.0
167 220060.0
167 215682.0
164 219350.0
164 219895.0
158 221520.0
158 219562.0
158 139125.0
158 136362.0
158 130841.0
158 134488.0
158 134927.0
158 203839.0
158 133746.0
158 133075.0
158 133098.0
158 132685.0
158 158919.0
158 134335.0
158 132813.0
158 238785.0
158 251238.0
151 226425.0
151 227055.0
154 225192.0
154 222943.0
154 413496.0
154 231038.0
154 235092.0
154 237946.0
154 236745.0
154 232674.0
154 235745.0
154 234491.0
154 227241.0
154 224127.0
154 231887.0
154 229799.0
154 226937.0
154 374351.0
154 230038.0
154 232472.0
154 238201.0
154 653166.0
154 232682.0
154 230284.0
154 226201.0
154 226159.0
154 223631.0
154 226192.0
154 212460.0
154 229350.0
154 393449.0
154 232343.0
154 237121.0
154 244329.0
154 231683.0
154 239356.0
152 234506.0
152 236963.0
152 231407.0
152 247585.0
152 239931.0
152 247332.0
152 239211.0
152 413313.0
152 270548.0
152 249971.0
152 242524.0
152 232796.0
152 243125.0
152 243845.0
152 237091.0
152 233570.0
152 237426.0
152 241015.0
152 245441.0
152 324938.0
152 236568.0
152 233744.0
152 241401.0
152 242536.0
147 213981.0
147 229728.0
147 241863.0
147 241209.0
147 253588.0
147 236125.0
147 239975.0
147 276809.0
147 441654.0
147 228557.0
149 224772.0
149 232589.0
149 270028.0
149 227620.0
149 224504.0
149 240008.0
149 255210.0
149 252631.0
149 245088.0
149 251801.0
149 401501.0
149 244830.0
148 250133.0
148 265312.0
148 248100.0
148 229326.0
148 246118.0
148 251165.0
148 255952.0
148 248083.0
148 233982.0
148 250509.0
148 387517.0
148 222068.0
148 236124.0
148 240467.0
148 230421.0
148 226029.0
148 250843.0
148 270937.0
139 253820.0
139 245086.0
139 243677.0
139 224093.0
139 448149.0
139 236940.0
139 214464.0
139 245122.0
139 273510.0
139 233062.0
139 248476.0
139 254371.0
139 229040.0
139 248655.0
139 237843.0
139 329438.0
139 250643.0
139 241074.0
139 252827.0
139 257083.0
139 259088.0
139 247778.0
139 244877.0
139 298521.0
131 247683.0
131 233758.0
131 238564.0
131 436956.0
131 262790.0
131 248550.0
131 258741.0
131 244772.0
131 240220.0
131 222700.0
131 155101.0
131 136650.0
131 251243.0
131 172493.0
131 158967.0
131 167331.0
131 168306.0
131 170589.0
131 168056.0
131 168586.0
131 168965.0
131 169748.0
131 167876.0
131 169872.0
131 167159.0
133 170313.0
133 124241.0
133 118544.0
133 123204.0
133 118618.0
133 118688.0
133 117364.0
133 119664.0
133 128460.0
133 128447.0
133 164453.0
133 181884.0
133 141946.0
133 168300.0
133 121662.0
133 172418.0
133 171820.0
133 168999.0
133 174153.0
133 167961.0
133 173632.0
134 147252.0
134 118868.0
134 116311.0
134 117088.0
134 119674.0
134 116196.0
134 158265.0
134 123422.0
134 121287.0
134 119696.0
131 122519.0
129 122866.0
129 154735.0
129 128678.0
129 177987.0
129 133550.0
129 124803.0
129 123415.0
127 123110.0
127 123786.0
124 123101.0
124 139528.0
124 127166.0
124 124213.0
127 123519.0
127 123415.0
127 122373.0
128 124163.0
128 125662.0
128 124741.0
128 126209.0
128 123815.0
128 128729.0
128 143815.0
128 129729.0
128 145071.0
128 125768.0
128 128267.0
110 126377.0
110 134796.0
110 135099.0
110 179960.0
110 138068.0
110 135900.0
110 134802.0
110 134936.0
110 136957.0
110 138094.0
107 138699.0
106 127545.0
106 128742.0
106 126338.0
106 126101.0
103 204171.0
103 194323.0
103 200237.0
103 231145.0
103 195031.0
103 190214.0
103 195871.0
103 199431.0
103 194264.0
103 195039.0
103 204180.0
103 192462.0
103 189909.0
103 183878.0
103 185178.0
103 204577.0
103 181202.0
103 194503.0
103 194415.0
103 195067.0
101 186842.0
101 182051.0
101 139420.0
101 130147.0
101 163128.0
101 139738.0
101 139473.0
102 141189.0
102 141395.0
102 138409.0
102 132280.0
102 131586.0
96 131216.0
96 130633.0
96 155520.0
96 140746.0
96 139202.0
96 139119.0
96 139141.0
96 131210.0
96 129228.0
96 132043.0
96 132753.0
96 132037.0
96 130838.0
96 131469.0
96 169861.0
96 139352.0
96 132395.0
96 131306.0
96 133243.0
96 134611.0
96 132408.0
96 132723.0
96 134248.0
96 134188.0
96 132616.0
96 132397.0
96 132243.0
96 132567.0
96 133223.0
96 134858.0
96 131384.0
96 130947.0
96 134765.0
96 133807.0
96 135523.0
96 134635.0
96 136701.0
97 135994.0
97 135438.0
97 136216.0
97 135994.0
97 135518.0
97 139742.0
97 143160.0
97 136443.0
97 138701.0
97 137210.0
97 137444.0
97 155573.0
97 136959.0
97 137000.0
97 138015.0
97 137770.0
97 139931.0
97 137784.0
97 139878.0
97 136745.0
97 138541.0
97 138154.0
97 139477.0
97 138762.0
97 139569.0
97 137359.0
97 137710.0
97 144593.0
97 171150.0
97 140605.0
97 139820.0
97 138490.0
97 188522.0
95 183948.0
95 206226.0
95 205143.0
95 213782.0
95 207069.0
95 202243.0
95 158239.0
95 186825.0
95 179027.0
95 149392.0
95 139503.0
95 141037.0
95 200634.0
95 255789.0
95 204401.0
95 330189.0
95 191316.0
95 216745.0
95 144461.0
95 182735.0
95 224928.0
95 230782.0
95 179069.0
95 147686.0
95 143879.0
95 146802.0
95 142696.0
95 145949.0
95 147392.0
95 145374.0
95 141697.0
95 145105.0
95 143602.0
95 146873.0
95 155139.0
95 154495.0
95 157238.0
95 154573.0
95 161909.0
95 160462.0
95 148381.0
95 144723.0
95 148611.0
95 144714.0
95 144534.0
95 204807.0
95 164777.0
95 144901.0
95 145262.0
95 143307.0
95 155425.0
97 148880.0
97 239728.0
97 164004.0
96 145372.0
96 148417.0
96 149489.0
94 152111.0
94 175430.0
94 160711.0
94 160814.0
94 162549.0
94 149358.0
94 146178.0
94 149856.0
94 149215.0
94 149982.0
94 146795.0
94 161419.0
96 167900.0
96 170335.0
96 151744.0
96 153907.0
96 155811.0
96 147365.0
96 157629.0
96 154792.0
96 153454.0
96 191968.0
96 153247.0
96 150935.0
96 147723.0
96 150027.0
96 151803.0
96 151510.0
96 150294.0
96 151852.0
96 152580.0
96 153382.0
96 154605.0
96 153714.0
96 149700.0
96 151040.0
96 160576.0
94 153227.0
94 151431.0
94 151524.0
94 152216.0
94 152226.0
94 154863.0
94 153256.0
94 152164.0
94 151007.0
94 220894.0
94 190414.0
94 150767.0
94 152552.0
94 152493.0
94 152443.0
94 217529.0
94 152455.0
94 153513.0
94 153149.0
94 153440.0
94 152350.0
94 152782.0
94 151796.0
94 151710.0
94 207311.0
94 155624.0
94 156644.0
95 158326.0
95 150309.0
95 149211.0
95 150038.0
94 174873.0
94 169851.0
93 167459.0
93 165291.0
93 156259.0
93 155462.0
93 156314.0
93 155281.0
93 181726.0
93 218574.0
93 147388.0
93 147971.0
93 147143.0
93 147282.0
93 155943.0
93 148917.0
93 150482.0
93 150519.0
93 150869.0
93 150352.0
93 150720.0
93 150744.0
93 151652.0
93 163395.0
93 155672.0
93 161067.0
93 163516.0
93 159696.0
93 160166.0
93 174593.0
93 160308.0
93 158992.0
93 158724.0
93 160482.0
93 158730.0
93 157936.0
94 160884.0
94 191981.0
94 156018.0
94 154860.0
93 153691.0
93 155323.0
93 153251.0
93 152968.0
93 155441.0
93 152735.0
93 151406.0
93 152988.0
93 153886.0
93 154953.0
93 153212.0
93 155429.0
93 154742.0
93 158897.0
93 157343.0
93 154851.0
93 155236.0
93 155144.0
93 154441.0
93 156827.0
93 155857.0
93 156333.0
93 157149.0
93 214830.0
93 156893.0
93 156731.0
93 161832.0
93 149803.0
93 152267.0
93 152696.0
93 152435.0
91 164144.0
91 156971.0
91 159289.0
91 159424.0
91 158548.0
91 158103.0
91 158212.0
90 162292.0
91 160584.0
91 169783.0
91 159120.0
91 158619.0
91 161576.0
91 158822.0
91 159749.0
91 164183.0
91 173589.0
91 172477.0
91 172586.0
91 181928.0
91 161621.0
91 161740.0
91 163710.0
91 162356.0
91 161143.0
91 163372.0
91 160917.0
91 163314.0
91 162089.0
91 162604.0
91 162022.0
91 169304.0
91 163633.0
91 243007.0
91 263148.0
91 268217.0
91 203419.0
91 162523.0
91 159864.0
91 160014.0
91 158958.0
91 159935.0
91 162344.0
91 172603.0
91 181172.0
91 202054.0
93 166409.0
93 160357.0
93 159856.0
93 160895.0
93 164311.0
