First MST58581 4.5998242E7
58524 3.5017925E7
58475 2.8201275E7
58438 1.8651268E7
58438 2.1516943E7
58406 2.653848E7
58420 2.5018913E7
58408 1.7482044E7
58408 1.8105002E7
58415 1.8070712E7
58343 1.7319793E7
58322 8788639.0
58333 9357735.0
58304 7881412.0
58304 9683877.0
58304 9636458.0
58310 9608454.0
58310 9815400.0
58269 9800592.0
58269 9785293.0
58269 1.4684193E7
58269 1.031368E7
58259 9844572.0
58246 9938085.0
58240 9546204.0
58163 9738921.0
58116 1.1887049E7
58104 1.042309E7
58060 8749196.0
58060 1.0624561E7
58060 1.0263618E7
58060 9931796.0
58072 1.0295485E7
58103 1.0473826E7
58080 1.0450019E7
58113 9926960.0
58098 1.0235744E7
58045 1.1558327E7
58002 1.1654344E7
57976 1.1080486E7
57987 1.1213146E7
57975 1.11582E7
57963 1.1466893E7
57887 1.0927989E7
57876 1.1106509E7
57876 1.127301E7
57876 1.1532411E7
57818 1.1179289E7
57788 1.160706E7
57788 1.6579695E7
57780 1.0143269E7
57681 1.0037033E7
57677 1.1770621E7
57662 9917807.0
57653 1.0493226E7
57646 9380481.0
57629 9505339.0
57619 1.0060719E7
57605 9830877.0
57605 1.4748143E7
57598 9814279.0
57559 1.0209966E7
57516 1.2292196E7
57516 9774174.0
57516 1.0309879E7
57499 9585808.0
57499 1.0324294E7
57510 1.0039367E7
57496 1.0281106E7
57523 1.0502519E7
57522 1.0389799E7
57509 1.0703865E7
57482 1.137413E7
57493 1.159732E7
57479 1.1495125E7
57510 1.0322707E7
57453 1.0088177E7
57442 1.0026743E7
57429 1.5774876E7
57419 1.017319E7
57408 1.2569111E7
57399 9986168.0
57346 9740162.0
57346 9695223.0
57346 1.0357195E7
57319 9802814.0
57309 1.017376E7
57320 9760669.0
57349 9611097.0
57287 1.0080797E7
57222 9772401.0
57222 1.0597963E7
57169 1.0222761E7
57169 1.0062967E7
57173 9499708.0
57196 9944787.0
57176 9551843.0
57141 9619918.0
57141 9967097.0
57130 9478741.0
57119 9613086.0
57028 9973001.0
57023 9982222.0
57016 9975782.0
57043 9857385.0
57055 9853933.0
57062 1.007716E7
57039 9855868.0
57022 9718073.0
57003 1.0664818E7
57022 1.0228294E7
56992 1.104595E7
57006 1.1324171E7
56986 1.141239E7
56966 1.1351836E7
56966 1.145943E7
56966 1.1380096E7
56955 1.1576012E7
56928 1.1142192E7
56939 1.1176373E7
56908 1.1546306E7
56908 1.1266206E7
56904 1.1339041E7
56904 1.0739053E7
56894 1.1216311E7
56904 1.1259342E7
56880 1.160403E7
56867 1.1062935E7
56867 1.0983241E7
56760 1.1027257E7
56716 1.1163104E7
56706 1.06937E7
56706 1.1118919E7
56713 1.0719533E7
56706 1.4031224E7
56706 1.1037102E7
56706 1.6751535E7
56713 9430361.0
56713 9664651.0
56684 9634837.0
56688 9388196.0
56688 9574981.0
56702 9687964.0
56702 9587579.0
56702 9622162.0
56702 9650112.0
56679 9800452.0
56673 9302622.0
56680 9809233.0
56679 9493676.0
56685 9472379.0
56666 9769690.0
56666 9464929.0
56666 9637840.0
56655 9441072.0
56645 9671885.0
56692 9371900.0
56666 9811960.0
56666 9669927.0
56670 9774998.0
56624 9249907.0
56613 9695769.0
56636 9659277.0
56625 9433685.0
56645 9125490.0
56614 9378994.0
56626 9379575.0
56656 9358939.0
56670 9334611.0
56624 9976712.0
56606 9866671.0
56599 9481624.0
56625 9810000.0
56632 1.3243069E7
56612 1.3528033E7
56562 9617198.0
56599 9658274.0
56568 9512756.0
56568 9654364.0
56555 1.0321841E7
56539 9827170.0
56559 1.0008959E7
56557 9583971.0
56596 9506782.0
56589 9276919.0
56530 9497285.0
56519 9602750.0
56508 9620388.0
56528 9733939.0
56450 9467446.0
56422 9285367.0
56412 9801566.0
56426 9845480.0
56406 1.0099696E7
56406 1.5265004E7
56406 9735173.0
56370 9738579.0
56370 9522812.0
56378 9430312.0
56355 9676251.0
56335 9345086.0
56289 9388298.0
56297 9235257.0
56273 9380135.0
56273 9296341.0
56218 9309729.0
56238 9585418.0
56218 9554437.0
56211 9404741.0
56182 9419125.0
56192 1.11906E7
56198 9348991.0
56186 9479241.0
56206 9328295.0
56155 1.0837578E7
56155 1.0831606E7
56155 9557699.0
56155 9519699.0
56178 9578143.0
56158 9251294.0
56158 9369895.0
56158 9351150.0
56147 9672740.0
56147 9824163.0
56143 9371310.0
56135 9346759.0
56157 9287421.0
56137 9571875.0
56124 9204103.0
56144 9527029.0
56136 9772597.0
56143 9437338.0
56123 9420322.0
56102 9538985.0
56082 9180532.0
56082 9454976.0
56102 9629826.0
56008 9628046.0
56028 9653337.0
56001 9712904.0
56051 9895175.0
56057 9706071.0
56055 9533478.0
56065 9832031.0
56024 9631514.0
55984 9945013.0
55964 9890300.0
55921 9535151.0
55890 1.034844E7
55820 1.0360163E7
55820 9488718.0
55815 9547297.0
55753 9676664.0
55753 9837589.0
55789 1.0813491E7
55692 1.1086494E7
55684 1.0729483E7
55684 1.1016906E7
55679 1.0896516E7
55679 1.10177E7
55694 1.1429182E7
55614 1.0969634E7
55608 1.0689082E7
55601 1.1067929E7
55598 1.0741794E7
55600 1.0879802E7
55618 1.1004703E7
55564 1.0666179E7
55515 1.0825245E7
55522 1.0814595E7
55522 1.1088625E7
55522 1.0767122E7
55522 1.1624062E7
55454 1.2903296E7
55437 1.1263837E7
55423 1.0952373E7
55327 1.0806162E7
55281 1.0885511E7
55281 1.1046689E7
55232 1.0745513E7
55227 1.1159462E7
55238 1.1453452E7
55225 1.1362988E7
55225 1.1363009E7
55252 1.1112934E7
55241 1.1290742E7
55238 1.1231428E7
55207 1.1222906E7
55207 1.1299964E7
55196 1.1381714E7
55179 1.1108011E7
55140 1.1151455E7
55140 1.1061943E7
55129 1.1413662E7
55087 1.1227195E7
55093 1.1243945E7
55093 1.0928285E7
55082 1.091424E7
55048 1.0860961E7
55038 1.0932578E7
55037 1.0960908E7
55037 1.081101E7
55038 1.1289316E7
55047 1.1413998E7
55057 1.1149105E7
55068 1.1492022E7
55057 1.115706E7
55033 1.1080462E7
55033 1.2169073E7
55033 1.1325374E7
55033 1.657809E7
55043 9699542.0
55043 9718412.0
55033 9324861.0
55000 9098697.0
55000 9146789.0
54980 8962318.0
54980 9048187.0
54975 9042506.0
54975 9143552.0
54975 9566455.0
54963 9456747.0
54985 9005642.0
54962 8947445.0
54938 9221496.0
54932 9378437.0
54923 9455047.0
54926 9213474.0
54925 9687637.0
54925 9171561.0
54923 9584889.0
54924 9403239.0
54931 9041985.0
54894 9184377.0
54894 9067798.0
54894 8875863.0
54888 9132067.0
54899 8969179.0
54913 9028049.0
54902 8961861.0
54916 8971551.0
54918 9046859.0
54915 9097358.0
54915 9020102.0
54915 8954917.0
54915 9095800.0
54889 9034187.0
54887 7338182.0
54873 9362305.0
54873 9228312.0
54836 9392230.0
54836 9450617.0
54834 9231631.0
54834 9733237.0
54863 9412991.0
54859 9144777.0
54859 9127833.0
54859 9054609.0
54855 9001777.0
54826 9226655.0
54826 9078560.0
54830 9494933.0
54827 9587815.0
54827 9315218.0
54811 9042131.0
54803 9382961.0
54803 9338594.0
54803 9838006.0
54781 9144067.0
54780 9092437.0
54769 9528456.0
54760 9259711.0
54759 1.0232306E7
54748 9177271.0
54753 9102202.0
54775 9142874.0
54764 8960331.0
54764 9114453.0
54764 9120498.0
54757 9211792.0
54757 9107602.0
54764 9180241.0
54764 9036521.0
54764 9241815.0
54763 9488596.0
54743 9091703.0
54752 8976100.0
54739 9156120.0
54721 8944625.0
54721 8938158.0
54721 9021031.0
54721 9000079.0
54721 8712964.0
54742 8161009.0
54734 9017267.0
54711 9038169.0
54715 9475370.0
54719 9500800.0
54719 9113835.0
54703 9556250.0
54647 9597778.0
54647 9406126.0
54646 9124955.0
54610 9153605.0
54587 9034040.0
54587 9244387.0
54587 9159603.0
54574 9289395.0
54581 9067720.0
54596 9025533.0
54570 9043264.0
54565 9165967.0
54543 7602756.0
54543 1.0033072E7
54503 9145068.0
54489 9469150.0
54478 9479097.0
54447 9599137.0
54404 9159026.0
54418 9304629.0
54429 9363078.0
54411 9263338.0
54396 9977500.0
54407 9212160.0
54392 9030960.0
54392 9192137.0
54392 9315286.0
54392 1.1062055E7
54403 9021459.0
54406 9137415.0
54417 8903180.0
54408 9240890.0
54390 8416701.0
54390 8631606.0
54411 8167201.0
54418 7938170.0
54408 8064320.0
54421 7887959.0
54423 7703170.0
54393 8298385.0
54393 8599457.0
54340 7278985.0
54325 8629674.0
54325 8595118.0
54325 8418523.0
54348 8647961.0
54335 8789655.0
54290 8304835.0
54296 8992251.0
54274 7960281.0
54196 7917982.0
54196 7844676.0
54196 8195846.0
54196 8056668.0
54202 7956093.0
54165 8322731.0
54164 8533085.0
54164 7831492.0
54118 8294510.0
54129 8752539.0
54120 9292588.0
54131 9061627.0
54131 9546091.0
54131 9107806.0
54133 8986006.0
54122 9122386.0
54122 8996196.0
54109 8971788.0
54115 9411014.0
54127 9220693.0
54127 9080361.0
54126 9388872.0
54113 9303371.0
54113 9774228.0
54096 9468257.0
54103 8898850.0
54103 8938170.0
54054 8918437.0
54047 9199940.0
54051 9171297.0
54051 9111398.0
54007 8959148.0
54017 9405230.0
54017 8376954.0
53992 8787485.0
53971 8629000.0
53995 8987019.0
53992 8564541.0
53985 8649821.0
53941 9021880.0
53933 8948155.0
53910 9048782.0
53939 8776942.0
53939 9063787.0
53939 8914681.0
53928 8897222.0
53910 8673431.0
53904 9305500.0
53893 9251253.0
53895 8923232.0
53881 8964616.0
53903 9132284.0
53892 9281516.0
53892 9937211.0
53860 1.067988E7
53862 9894165.0
53839 9833451.0
53839 9864081.0
53809 9763813.0
53806 1.0315371E7
53786 1.0520207E7
53786 1.0178202E7
53802 1.0788485E7
53802 9812778.0
53802 9428385.0
53783 9998987.0
53783 1.034363E7
53801 1.0328808E7
53801 1.0605499E7
53814 1.0039045E7
53830 1.0569197E7
53819 9848888.0
53777 1.0346625E7
53756 1.026524E7
53755 1.0242414E7
53748 1.0043887E7
53748 1.1910273E7
53736 1.1060145E7
53730 1.0542336E7
53716 9507654.0
53727 9970948.0
53709 9359118.0
53709 8990069.0
53709 8773483.0
53709 9166493.0
53709 8905331.0
53712 8980224.0
53712 8679365.0
53712 9066722.0
53680 9531710.0
53649 9475814.0
53697 1.0011472E7
53697 1.0532994E7
53681 9445843.0
53671 1.032862E7
53678 9864378.0
53689 9921704.0
53606 1.0497002E7
53566 9982129.0
53566 9926842.0
53564 9820946.0
53564 9607092.0
53564 9713987.0
53564 9442541.0
53564 9679763.0
53561 9691606.0
53512 9831990.0
53478 1.0130659E7
53494 9807464.0
53484 9624483.0
53501 9158476.0
53501 9214310.0
53490 9490445.0
53490 9612382.0
53490 9390772.0
53487 1.1377064E7
53456 1.1029582E7
53436 9256083.0
53417 9648187.0
53437 1.0357199E7
53437 9634495.0
53426 9375798.0
53413 9560448.0
53406 9322075.0
53396 9197221.0
53406 9458652.0
53407 9423476.0
53381 9523211.0
53381 9442223.0
53315 9818394.0
53308 9274164.0
53281 9468861.0
53281 9487615.0
53292 9296679.0
53288 9470386.0
53288 9170647.0
53292 9778311.0
53286 9490016.0
53286 1.0351009E7
53286 9387753.0
53275 1.2870897E7
53248 9394903.0
53253 9503990.0
53157 9833206.0
53148 1.0505359E7
53143 1.2592008E7
53133 9008526.0
53054 9511807.0
53043 9505685.0
53043 9108036.0
53043 9636715.0
53043 9587328.0
53054 9409316.0
53018 9218262.0
52963 9323474.0
52900 9877189.0
52900 9434598.0
52887 9463127.0
52841 9519089.0
52804 9355838.0
52818 9356776.0
52818 9820722.0
52838 9539587.0
52838 9415179.0
52818 9931472.0
52840 9782580.0
52840 9243453.0
52840 9624680.0
52839 9382003.0
52819 1.0899414E7
52819 9477786.0
52819 9559751.0
52801 1.2015388E7
52801 9165304.0
52795 9294462.0
52795 9099737.0
52746 1.0078634E7
52724 9823552.0
52688 9114662.0
52687 9185811.0
52687 9313581.0
52673 1.0378254E7
52673 9243728.0
52673 9402612.0
52684 9374432.0
52696 1.090374E7
52739 9145444.0
52727 9547421.0
52740 9725671.0
52740 9607586.0
52740 9408922.0
52734 9163851.0
52665 9554960.0
52655 1.0462196E7
52649 1.017711E7
52649 1.0242817E7
52629 9839100.0
52629 9865486.0
52629 9841692.0
52627 1.0101459E7
52579 9967199.0
52575 9825327.0
52551 9302769.0
52555 9770093.0
52567 9839274.0
52571 1.0087898E7
52599 1.0400941E7
52599 1.0120095E7
52524 1.0543734E7
52527 1.0488872E7
52507 9742260.0
52497 9457708.0
52511 9188084.0
52511 1.031318E7
52514 9557212.0
52500 9589692.0
52500 9635575.0
52496 9843391.0
52490 9490938.0
52490 1.0258277E7
52486 1.074097E7
52392 9636409.0
52392 1.0288628E7
52392 9379497.0
52381 8849667.0
52389 9562662.0
52392 1.0058578E7
52399 1.0795212E7
52399 1.0191071E7
52401 9871371.0
52416 1.020287E7
52422 1.0253786E7
52409 1.0411082E7
52416 9531732.0
52399 1.0294936E7
52379 1.0343872E7
52379 9700928.0
52378 9751966.0
52369 9467625.0
52338 9775801.0
52323 9136681.0
52241 1.0679991E7
52241 9385431.0
52241 9326215.0
52202 9530999.0
52184 9654421.0
52184 1.0438029E7
52171 9272143.0
52163 9329880.0
52160 9776361.0
52160 9780866.0
52119 9734973.0
52105 1.0452695E7
52048 9934746.0
52045 9362790.0
52051 9814189.0
52051 9983562.0
52051 1.0409237E7
52062 1.0357555E7
52075 9530445.0
52075 1.0114237E7
52063 9559327.0
52050 9770467.0
52044 1.067546E7
52034 9825662.0
52044 1.0071498E7
52070 1.0859998E7
52043 1.0450299E7
52043 1.0739515E7
52066 1.0508161E7
52021 1.0123972E7
52012 1.0460751E7
52023 1.0156559E7
52023 1.2938637E7
52007 1.0676429E7
51982 1.0071109E7
51984 8927671.0
51973 1.0099337E7
51983 9479573.0
51983 9742860.0
51983 1.0161767E7
51960 8728171.0
51960 9903765.0
51934 9250710.0
51957 9814050.0
51884 1.0742321E7
51884 8631824.0
51902 1.0266873E7
51886 9657667.0
51890 1.0203074E7
51919 9575889.0
51919 1.0210686E7
51942 1.1329021E7
51942 8450776.0
51942 8268015.0
51932 9323076.0
51925 1.0549129E7
51925 9781353.0
51925 9817649.0
51925 1.0081425E7
51925 1.0080369E7
51925 1.011152E7
51885 1.008011E7
51885 9939596.0
51874 9766050.0
51885 1.006815E7
51885 9994622.0
51885 1.0460922E7
51851 1.1132388E7
51851 9925687.0
51851 1.0486518E7
51851 1.0389933E7
51851 1.0307632E7
51794 1.00221E7
51794 1.052026E7
51798 1.042661E7
51796 1.0414345E7
51740 1.1069477E7
51743 1.1168882E7
51739 1.0097421E7
51739 9707184.0
51764 1.0283954E7
51731 1.0878529E7
51731 9965125.0
51731 1.0387876E7
51727 1.038791E7
51715 1.0675261E7
51737 1.0292376E7
51710 1.0461342E7
51697 1.1124924E7
51697 1.0273002E7
51691 1.0391176E7
51691 1.0401424E7
51704 1.008905E7
51699 1.0709832E7
51699 1.031595E7
51699 1.0445395E7
51696 9197933.0
51703 1.0042986E7
51703 9190351.0
51703 1.0048942E7
51703 1.0433282E7
51703 9787013.0
51703 8852557.0
51703 1.1077886E7
51703 1.0537348E7
51685 1.0221387E7
51685 1.0270806E7
51682 1.0075497E7
51692 9857414.0
51673 9999236.0
51637 1.0398605E7
51611 1.0692771E7
51599 1.0313672E7
51599 9611544.0
51599 1.0276629E7
51614 9136856.0
51614 1.0281492E7
51585 1.0277598E7
51564 1.005067E7
51537 1.0364636E7
51537 1.0515585E7
51520 1.0245135E7
51520 8825093.0
51510 1.0666337E7
51526 1.0754077E7
51526 1.0201253E7
51526 8978236.0
51532 9810863.0
51499 1.018202E7
51489 9907938.0
51509 1.0218585E7
51506 1.0791447E7
51502 1.0104472E7
51502 1.0306471E7
51436 1.0097396E7
51436 9702280.0
51436 8270390.0
51436 1.0831129E7
51436 9933541.0
51436 1.0294385E7
51436 9707215.0
51436 9717719.0
51404 1.0941828E7
51408 1.0034685E7
51399 1.0252871E7
51399 1.0369645E7
51393 9556485.0
51393 1.046725E7
51347 8638940.0
51343 1.1703856E7
51346 1.078008E7
51346 9552533.0
51369 1.0485235E7
51363 1.0003436E7
51363 1.0086914E7
51363 9973846.0
51363 9905554.0
51363 9739805.0
51363 9790006.0
51354 9989335.0
51364 1.0206311E7
51350 1.034895E7
51350 9932731.0
51350 1.0704017E7
51353 9977346.0
51353 9991003.0
51341 8663450.0
51238 8307585.0
51249 8262378.0
51217 9243924.0
51223 1.0003515E7
51220 1.0285234E7
51248 1.0421411E7
51262 1.0348514E7
51262 1.0448719E7
51248 9652470.0
51233 9896480.0
51233 9818702.0
51161 1.0140408E7
51161 1.0382582E7
51161 9995616.0
51161 1.0231037E7
51161 1.053325E7
51116 1.0719292E7
51143 1.0290982E7
51131 9999615.0
51108 1.0760061E7
51108 8841022.0
51101 1.011819E7
51106 1.0345346E7
51128 1.0057763E7
51099 1.0125745E7
51099 1.0342045E7
51060 1.0639794E7
51060 1.0375972E7
51059 1.0495765E7
51028 1.0398374E7
51028 1.0753581E7
51043 1.0170222E7
51047 1.0596628E7
51047 1.031745E7
51027 1.0328387E7
51027 1.0305466E7
51041 1.0431302E7
51035 1.0179617E7
51027 9992026.0
51027 1.0579242E7
51023 1.061099E7
51023 9948760.0
51023 9912030.0
51034 1.0052177E7
50986 1.1849761E7
51001 9866730.0
51001 9930834.0
51001 1.0319191E7
50995 9684486.0
50997 1.0364265E7
50947 1.049714E7
50947 1.0087309E7
50943 1.0224453E7
50943 1.0369672E7
50943 1.0264931E7
50943 1.0403523E7
50928 1.0275922E7
50922 1.046843E7
50922 1.0246335E7
50923 1.045255E7
50879 1.121618E7
50880 1.0186006E7
50869 1.05046E7
50869 1.0207133E7
50807 1.0102306E7
50807 1.0689637E7
50827 1.0379396E7
50795 1.0503415E7
50796 1.0664928E7
50807 1.0620478E7
50807 1.0545122E7
50827 9857655.0
50778 1.0762457E7
50741 1.0593639E7
50747 1.0510399E7
50737 1.0325633E7
50724 1.013827E7
50725 1.0572624E7
50725 1.0778136E7
50725 1.0131581E7
50725 1.0498568E7
50725 1.0307213E7
50725 1.0089486E7
50727 1.0308706E7
50648 1.0275873E7
50594 1.0509263E7
50553 9985603.0
50531 1.0125207E7
50528 1.0457778E7
50509 1.053362E7
50509 1.0184285E7
50509 1.0288937E7
50509 1.0440029E7
50509 1.0442588E7
50467 1.0640748E7
50467 1.0576315E7
50467 1.031139E7
50479 1.0370292E7
50438 1.0447346E7
50438 1.0411211E7
50428 9543877.0
50428 9826060.0
50379 1.0532967E7
50382 1.0106163E7
50402 1.0000276E7
50382 1.0201732E7
50382 9893569.0
50331 9945024.0
50314 1.0294794E7
50312 1.0317197E7
50280 9839071.0
50277 1.0544842E7
50274 1.011228E7
50273 1.0017733E7
50277 1.0212771E7
50290 9961041.0
50286 1.0394432E7
50286 1.0226399E7
50286 1.0189205E7
50238 1.0359581E7
50238 1.0523159E7
50238 1.040847E7
50205 1.0180703E7
50205 1.0429573E7
50184 1.051763E7
50155 1.037463E7
50157 1.0037487E7
50157 1.0354419E7
50127 1.3729261E7
50150 1.0612985E7
50130 1.0354166E7
50118 9766466.0
50118 1.4482038E7
50114 1.482821E7
50134 1.0461197E7
50116 1.0363225E7
50114 1.0471893E7
50126 1.099673E7
50126 1.01051E7
50113 1.0525669E7
50113 1.0003283E7
50113 1.0082022E7
50112 9837444.0
