First MST1457 1874088.0
1457 913141.0
1372 838287.0
1396 926006.0
1387 717435.0
1387 621944.0
1387 617441.0
1352 563984.0
1352 501553.0
1349 441088.0
1349 475738.0
1321 501653.0
1321 453853.0
1333 418431.0
1328 2118917.0
1290 507572.0
1290 440386.0
1264 416259.0
1283 411157.0
1271 408760.0
1271 382322.0
1271 388736.0
1265 396744.0
1229 408255.0
1199 401763.0
1187 397009.0
1187 1543541.0
1174 419242.0
1100 387592.0
1146 638695.0
1100 420562.0
1146 392931.0
1146 425998.0
1146 384287.0
1146 400254.0
1146 381964.0
1146 404759.0
1101 387804.0
1078 501717.0
1089 391431.0
1084 560453.0
1090 446507.0
1090 392837.0
1090 394457.0
1080 393825.0
1080 393569.0
1063 390518.0
1063 383644.0
1063 472847.0
995 436204.0
995 369520.0
982 384530.0
982 378880.0
976 373201.0
976 333708.0
976 254395.0
955 246375.0
955 247447.0
958 373137.0
967 374633.0
967 325306.0
967 378983.0
967 425508.0
968 390795.0
968 370472.0
968 366796.0
968 364048.0
968 384534.0
947 320130.0
947 378374.0
947 400729.0
947 388184.0
947 392820.0
947 391447.0
947 391948.0
947 397621.0
933 382603.0
928 397223.0
922 397727.0
922 420847.0
922 3076631.0
922 408682.0
922 426312.0
922 426442.0
922 434072.0
922 368897.0
922 364109.0
919 412235.0
919 395296.0
911 417701.0
911 412147.0
879 416692.0
879 408927.0
879 401191.0
879 403723.0
879 411933.0
879 397206.0
879 431888.0
879 397985.0
883 388739.0
883 380557.0
875 397229.0
875 381431.0
875 376735.0
875 277691.0
875 1778324.0
867 440535.0
867 460019.0
856 497091.0
856 405132.0
856 282892.0
856 296071.0
856 240606.0
856 237475.0
855 245577.0
855 252092.0
855 237248.0
855 257324.0
855 254482.0
855 252276.0
855 256881.0
855 248544.0
855 276944.0
858 235746.0
858 235084.0
858 298155.0
858 197920.0
858 151862.0
851 153221.0
849 151557.0
849 149421.0
844 150800.0
844 208673.0
844 151588.0
844 150673.0
844 151610.0
844 151938.0
844 153001.0
844 156258.0
831 152932.0
831 158269.0
831 152977.0
831 156113.0
831 155363.0
831 154467.0
831 151357.0
831 154462.0
831 152452.0
830 151442.0
829 152694.0
797 156098.0
797 153495.0
797 158930.0
797 154498.0
797 157607.0
795 155998.0
795 155113.0
794 158065.0
794 159368.0
785 178823.0
785 157832.0
785 155568.0
779 2469381.0
779 170356.0
779 158006.0
775 156738.0
773 156481.0
773 153962.0
773 155710.0
759 155107.0
738 153865.0
738 157110.0
738 154429.0
738 166300.0
738 157516.0
738 155630.0
738 156586.0
738 154800.0
738 181963.0
738 154422.0
742 155959.0
742 184116.0
742 160500.0
742 155219.0
739 157899.0
739 159972.0
739 256467.0
739 269036.0
739 167762.0
732 191360.0
732 163475.0
729 163401.0
729 162375.0
729 162646.0
729 297832.0
711 423693.0
711 260397.0
711 264507.0
711 265833.0
711 270433.0
711 273282.0
711 267559.0
704 268437.0
704 270766.0
689 269398.0
689 276339.0
689 270587.0
689 271482.0
685 224356.0
685 162876.0
685 165190.0
685 159163.0
689 160660.0
689 233741.0
689 267224.0
689 270489.0
689 272690.0
689 266951.0
689 268608.0
686 273094.0
686 269262.0
686 280808.0
686 286338.0
670 327529.0
670 279609.0
670 265936.0
670 277445.0
665 283836.0
665 273030.0
665 279305.0
665 287631.0
665 272802.0
650 279221.0
650 274276.0
650 288502.0
650 315045.0
650 259592.0
650 261598.0
650 390409.0
650 279257.0
633 269308.0
633 267493.0
633 263967.0
641 270938.0
630 268072.0
630 274454.0
625 283332.0
625 272115.0
627 271100.0
627 271357.0
627 268642.0
627 269372.0
627 264508.0
631 277771.0
631 280589.0
631 272392.0
631 277288.0
631 2957330.0
631 296216.0
625 271433.0
625 236455.0
625 179276.0
625 173854.0
625 174563.0
627 291032.0
627 275969.0
627 284353.0
627 276322.0
627 274606.0
627 285718.0
627 276150.0
627 279975.0
627 231181.0
627 332230.0
627 299445.0
627 290411.0
589 306993.0
585 288724.0
585 285411.0
585 288684.0
585 296180.0
585 290526.0
585 295102.0
589 330389.0
589 289709.0
583 281236.0
567 287950.0
567 291102.0
567 299149.0
567 304145.0
559 304276.0
559 298238.0
559 357887.0
559 297906.0
559 311378.0
559 292318.0
559 283688.0
549 285350.0
549 297753.0
549 332257.0
549 287247.0
549 290423.0
549 288470.0
549 284872.0
549 277403.0
545 184204.0
558 179961.0
558 311090.0
562 292111.0
562 299644.0
565 285629.0
565 291252.0
565 307807.0
554 292434.0
554 293008.0
554 293414.0
554 294216.0
536 293504.0
536 328058.0
536 304311.0
536 301079.0
536 293473.0
527 323933.0
527 308226.0
527 317655.0
527 306977.0
527 300895.0
527 320192.0
527 354068.0
527 312632.0
527 298244.0
527 331950.0
527 305919.0
527 519229.0
527 309803.0
527 309253.0
527 309037.0
527 310811.0
527 332104.0
527 370461.0
527 311085.0
527 307846.0
527 220303.0
527 298186.0
527 189395.0
527 187085.0
527 188615.0
527 187849.0
527 187115.0
527 190593.0
527 303376.0
527 324206.0
527 299461.0
527 420190.0
527 302868.0
527 298468.0
527 294572.0
531 305617.0
531 302190.0
531 305232.0
531 309076.0
531 308004.0
531 307408.0
529 476608.0
529 309621.0
529 302683.0
529 302626.0
528 307096.0
528 302675.0
528 305763.0
528 308764.0
528 313939.0
528 307831.0
528 444812.0
528 314580.0
528 308039.0
528 305464.0
528 311765.0
528 310234.0
528 307118.0
528 302334.0
528 311171.0
528 308815.0
528 505283.0
528 356643.0
529 333801.0
530 327176.0
530 359590.0
530 368402.0
530 335057.0
530 338802.0
516 327916.0
512 338819.0
512 609919.0
512 330496.0
516 338493.0
514 327112.0
514 307039.0
514 323850.0
514 398313.0
514 313488.0
514 362107.0
514 447283.0
513 329658.0
513 323714.0
513 320016.0
509 344888.0
509 347543.0
509 340152.0
509 346842.0
509 325391.0
509 279470.0
509 371344.0
509 201821.0
504 226090.0
504 536037.0
504 324164.0
504 351479.0
504 346091.0
504 342019.0
504 326671.0
504 491868.0
500 339386.0
489 388755.0
493 376023.0
493 354574.0
493 444346.0
493 371796.0
493 334282.0
493 327191.0
493 409201.0
493 322532.0
493 352809.0
493 338581.0
493 344227.0
493 392167.0
493 339585.0
493 335431.0
493 269120.0
493 341674.0
493 637357.0
493 358793.0
493 225920.0
493 220476.0
493 219260.0
493 212437.0
493 213219.0
493 213313.0
497 222826.0
497 404933.0
497 214332.0
497 238841.0
497 212391.0
497 214625.0
497 214089.0
497 214995.0
497 214116.0
495 216089.0
495 401385.0
495 1847236.0
494 241120.0
494 240319.0
494 223427.0
494 214198.0
496 216708.0
496 216483.0
489 217133.0
489 426074.0
484 216895.0
484 225687.0
484 216023.0
484 214120.0
484 216897.0
484 216123.0
484 247460.0
484 262005.0
486 218241.0
486 357880.0
486 346064.0
486 341785.0
490 267470.0
490 225470.0
490 219821.0
486 220718.0
486 310738.0
490 221926.0
490 220361.0
490 220420.0
490 219936.0
490 222472.0
488 220636.0
488 222532.0
488 223551.0
488 386849.0
488 223990.0
488 226708.0
488 247789.0
488 223726.0
488 221562.0
488 221486.0
488 223538.0
488 228526.0
488 464959.0
488 249247.0
488 225653.0
488 212604.0
488 171653.0
488 164840.0
488 190478.0
488 188623.0
488 184984.0
488 191835.0
484 268152.0
484 274378.0
488 261146.0
488 265970.0
488 259340.0
488 274514.0
488 246543.0
488 262281.0
488 261995.0
488 262401.0
488 233606.0
488 184084.0
488 173219.0
488 170095.0
488 180034.0
490 176852.0
490 177000.0
489 173753.0
489 215138.0
489 185956.0
489 185277.0
489 185673.0
489 219936.0
487 189099.0
487 189410.0
486 177398.0
486 176585.0
486 181416.0
488 174465.0
489 173693.0
485 175631.0
479 187802.0
479 191255.0
483 208310.0
479 222699.0
479 206411.0
479 177274.0
471 178671.0
471 196527.0
471 188200.0
471 192961.0
471 196947.0
471 177012.0
471 178056.0
471 193147.0
471 211485.0
451 179537.0
451 176353.0
451 200038.0
451 307438.0
451 289220.0
447 273818.0
447 261499.0
447 265765.0
447 210416.0
447 175894.0
447 174553.0
447 173638.0
447 175903.0
447 202023.0
447 191485.0
447 226737.0
447 185678.0
452 180161.0
452 197812.0
452 196976.0
449 197347.0
442 193679.0
451 200632.0
451 183116.0
451 180708.0
451 180848.0
451 187657.0
453 182689.0
453 184992.0
451 261068.0
451 167568.0
451 213417.0
451 175635.0
451 173006.0
451 171382.0
451 172250.0
449 174624.0
428 173166.0
428 172646.0
432 173738.0
432 185549.0
431 186868.0
431 187795.0
431 237435.0
431 186362.0
431 185062.0
431 185423.0
431 186762.0
431 185665.0
431 184614.0
431 188985.0
428 191849.0
429 176899.0
429 182059.0
429 176537.0
427 178758.0
427 174671.0
427 170457.0
427 170548.0
427 170048.0
423 170897.0
425 178464.0
425 182076.0
425 174992.0
425 184123.0
425 179209.0
425 182900.0
425 181128.0
413 184043.0
413 180146.0
413 181152.0
413 176504.0
413 180939.0
413 214217.0
413 181016.0
413 185909.0
413 174068.0
413 173711.0
413 172853.0
400 214751.0
400 185085.0
400 179932.0
400 180923.0
400 180669.0
400 184229.0
400 274058.0
400 290172.0
400 277764.0
394 229159.0
393 175326.0
393 174479.0
393 177905.0
393 178323.0
388 181728.0
388 183065.0
388 186395.0
388 223203.0
388 183780.0
388 182734.0
388 184220.0
388 208630.0
388 185460.0
388 182531.0
388 183619.0
388 185331.0
388 183015.0
388 187606.0
388 184470.0
388 185383.0
388 186243.0
388 185539.0
388 185182.0
388 188747.0
388 186978.0
382 184710.0
382 188792.0
382 185811.0
382 186316.0
382 185035.0
382 221534.0
382 187011.0
375 188005.0
375 184739.0
375 185703.0
375 188327.0
375 192485.0
370 187519.0
370 189864.0
370 195839.0
370 194536.0
374 185732.0
365 184039.0
365 184411.0
365 183436.0
365 190321.0
365 205006.0
365 188887.0
363 191162.0
363 189879.0
363 192073.0
360 189676.0
360 190515.0
360 190752.0
360 191583.0
360 191915.0
360 192223.0
360 192488.0
360 211954.0
359 215516.0
359 190585.0
359 188495.0
359 186096.0
359 198101.0
359 193530.0
359 193450.0
359 237388.0
359 200152.0
359 185800.0
359 187461.0
359 197504.0
359 226700.0
359 195922.0
359 193831.0
359 193077.0
359 193245.0
359 223044.0
359 201175.0
359 189387.0
362 187204.0
362 186968.0
362 205243.0
362 237508.0
362 199421.0
362 199276.0
362 191655.0
362 190466.0
362 190647.0
362 199243.0
362 198703.0
362 197525.0
340 197131.0
340 198629.0
340 231123.0
340 198910.0
340 263661.0
340 276915.0
340 204506.0
340 192136.0
340 192186.0
340 194135.0
340 206245.0
340 208793.0
340 198909.0
340 199848.0
340 199687.0
340 203187.0
340 199263.0
340 200506.0
340 234024.0
340 201128.0
340 201742.0
340 199644.0
340 200189.0
340 226750.0
340 204850.0
340 206140.0
340 192530.0
340 204960.0
340 202664.0
340 203316.0
336 199002.0
336 200615.0
336 203181.0
336 202229.0
340 232139.0
340 206336.0
340 203628.0
340 202184.0
336 203068.0
336 202301.0
336 214679.0
337 203673.0
337 208420.0
341 206401.0
341 204387.0
341 206265.0
341 204603.0
341 237138.0
337 205534.0
337 206717.0
337 205630.0
337 206913.0
341 208561.0
341 206927.0
341 207222.0
337 244865.0
337 211840.0
337 207488.0
337 206214.0
337 206158.0
337 210965.0
337 208815.0
337 209366.0
337 208978.0
337 206211.0
337 206939.0
337 206074.0
337 207408.0
337 237403.0
337 209690.0
337 207306.0
337 206871.0
337 206923.0
337 208699.0
337 209851.0
337 210854.0
337 215525.0
336 210400.0
336 211022.0
336 209425.0
336 209551.0
336 207937.0
336 208591.0
333 211664.0
333 211406.0
333 211421.0
333 246929.0
333 210883.0
333 211181.0
333 211869.0
333 211616.0
333 262996.0
333 208360.0
333 205746.0
333 204738.0
333 211877.0
333 213884.0
333 213322.0
333 213109.0
333 213285.0
333 211962.0
333 231327.0
316 212445.0
316 213108.0
316 213860.0
315 213368.0
315 212648.0
315 251081.0
315 218447.0
315 212908.0
315 215356.0
315 216685.0
315 215896.0
315 216846.0
315 215212.0
317 216707.0
317 220463.0
317 217882.0
317 216875.0
317 217193.0
317 219061.0
317 216839.0
317 253208.0
317 217859.0
317 217667.0
317 218585.0
317 219301.0
317 264858.0
317 212655.0
317 211289.0
317 214349.0
317 218968.0
317 219588.0
317 221154.0
314 270020.0
314 223367.0
314 220381.0
310 212297.0
310 214793.0
310 212680.0
310 229512.0
308 221924.0
308 328330.0
308 321507.0
311 223315.0
311 222450.0
311 227229.0
311 221931.0
311 232245.0
311 223760.0
311 221945.0
311 221668.0
311 224195.0
308 259832.0
308 224842.0
311 216185.0
311 215562.0
311 217644.0
311 231820.0
308 221208.0
308 224765.0
308 225982.0
308 230467.0
308 226139.0
308 225552.0
308 226522.0
308 226102.0
308 226720.0
308 227520.0
308 225922.0
308 226009.0
308 226150.0
308 225862.0
308 227954.0
308 227333.0
308 225753.0
308 227702.0
308 226660.0
308 227302.0
308 269758.0
308 238980.0
308 231780.0
308 226120.0
308 227995.0
308 228805.0
308 228017.0
308 227900.0
308 226524.0
308 227354.0
308 232146.0
308 319832.0
308 233658.0
308 234259.0
308 229085.0
307 227557.0
307 230390.0
307 229755.0
307 290799.0
307 236546.0
307 230614.0
307 236360.0
307 228837.0
307 234049.0
307 229698.0
307 230507.0
307 228330.0
303 231869.0
303 232291.0
303 231057.0
303 231511.0
303 231231.0
303 233149.0
304 233488.0
304 233868.0
304 234653.0
304 233702.0
304 252881.0
304 234017.0
304 260437.0
302 244277.0
298 236802.0
298 231576.0
298 233152.0
298 235131.0
298 232842.0
298 236705.0
298 234429.0
298 256865.0
298 261162.0
298 351919.0
298 370560.0
298 381750.0
301 268931.0
301 238832.0
301 238040.0
301 237351.0
301 234601.0
301 236343.0
301 240053.0
301 235141.0
298 238363.0
298 234440.0
298 237363.0
298 237958.0
291 236517.0
291 238737.0
286 237920.0
286 236272.0
286 251692.0
286 288242.0
286 240097.0
286 240747.0
286 239350.0
288 238959.0
288 239131.0
288 239599.0
288 252998.0
288 246798.0
288 240567.0
288 239465.0
288 239950.0
291 244486.0
291 241046.0
