First MST29337 1.5502829E7
29333 1.0625813E7
29362 1.0781196E7
29359 9107363.0
29316 1.2663209E7
29292 8034538.0
29299 7800170.0
29226 5445779.0
29187 4828161.0
29226 6105993.0
29197 5465875.0
29137 8466519.0
29115 6656575.0
29131 7231542.0
29088 7219849.0
29118 6962198.0
29046 7658926.0
29085 7184595.0
28999 7460996.0
29036 7464507.0
28997 7431886.0
29036 4350297.0
28997 6167998.0
29010 5504110.0
28937 3068648.0
28976 2849624.0
28976 3058814.0
28937 2850264.0
28972 3403416.0
28933 2663173.0
28972 2807848.0
28945 3123243.0
28800 2735794.0
28856 2916938.0
28777 2482099.0
28798 2976957.0
28742 3187736.0
28710 2919950.0
28710 2854386.0
28708 2911995.0
28671 2927947.0
28638 2850513.0
28628 2829388.0
28602 3073077.0
28563 2873523.0
28563 2919062.0
28602 2926431.0
28508 2913098.0
28518 2919318.0
28557 2805050.0
28557 2819221.0
28557 2922202.0
28557 2851431.0
28503 2829335.0
28379 3043500.0
28379 5945085.0
28418 3221542.0
28391 2841389.0
28391 2807819.0
28391 2965961.0
28430 2903903.0
28430 2868087.0
28430 2982220.0
28430 2819838.0
28430 2869736.0
28391 2895617.0
28430 2855867.0
28391 2960410.0
28380 2876136.0
28419 2906529.0
28395 3013970.0
28395 2876561.0
28381 2848985.0
28376 2952397.0
28349 2930639.0
28369 4967832.0
28288 4336282.0
28288 3033695.0
28327 2815254.0
28327 2592154.0
28212 4772534.0
28212 2346350.0
28174 2575271.0
28213 3114981.0
28174 2757393.0
28147 2530706.0
28105 2591624.0
28144 2539327.0
28102 4547485.0
28074 2594838.0
28092 2492593.0
28092 2938441.0
28092 3045400.0
28092 2842379.0
28092 3245274.0
28092 3056892.0
28053 2961676.0
28088 2997299.0
28049 2884104.0
27980 2865925.0
27946 2883133.0
27933 2857076.0
27972 2947943.0
27933 2847736.0
27965 2812965.0
27915 2816875.0
27952 2774758.0
27859 2974068.0
27898 2933556.0
27898 2856686.0
27853 2955183.0
27826 2918781.0
27878 3102528.0
27847 4346968.0
27797 4452822.0
27831 3702922.0
27831 2944100.0
27831 2905407.0
27792 2952316.0
27831 2957478.0
27831 5824215.0
27831 2876535.0
27792 2881326.0
27826 2861545.0
27826 3042704.0
27787 2953120.0
27787 3812358.0
27823 2926362.0
27808 2985024.0
27750 2916494.0
27684 2957891.0
27704 3057530.0
27665 2896735.0
27691 2937655.0
27652 2868897.0
27645 2885408.0
27645 2905522.0
27642 2933821.0
27681 3057636.0
27704 2896348.0
27665 2857596.0
27665 2886828.0
27689 2878003.0
27714 2968016.0
27714 2869840.0
27675 3316341.0
27714 2914744.0
27714 2903880.0
27704 2930213.0
27665 2931621.0
27654 2892652.0
27681 2896821.0
27681 2945646.0
27680 2852073.0
27644 2964805.0
27644 3424890.0
27644 3508432.0
27639 3453466.0
27671 3279890.0
27670 2922936.0
27605 3199051.0
27605 3421889.0
27604 3464955.0
27639 3393551.0
27608 3571563.0
27549 3572257.0
27561 3460905.0
27438 3379832.0
27404 3449783.0
27443 3423045.0
27435 3465711.0
27439 3431562.0
27400 3557390.0
27439 3428510.0
27439 3395789.0
27439 3421408.0
27400 3511295.0
27431 3472989.0
27431 3467166.0
27393 3441527.0
27340 3429749.0
27340 3463359.0
27301 3413025.0
27340 3396501.0
27306 3441777.0
27301 3456136.0
27262 2911741.0
27262 2839580.0
27289 2864695.0
27281 2818234.0
27281 2981414.0
27281 3106639.0
27248 3143405.0
27281 3165969.0
27281 2936342.0
27281 3790004.0
27256 4032470.0
27256 3068118.0
27217 2883635.0
27255 2860440.0
27255 2869619.0
27255 2831281.0
27220 2818525.0
27165 2854431.0
27204 2818661.0
27133 2960974.0
27172 2964206.0
27096 2913518.0
27135 3157877.0
27119 2972039.0
27080 2904448.0
27119 2845406.0
27080 3415962.0
27119 2892037.0
27114 2953170.0
27069 3259705.0
27030 3079150.0
27062 2982832.0
27064 3003716.0
27049 3607761.0
27048 2994449.0
27048 3015348.0
27048 2921624.0
27048 2923362.0
27044 3050339.0
27041 2857837.0
27041 3070675.0
27041 3035580.0
26987 3069706.0
26970 2943597.0
26970 2881464.0
26963 2898789.0
26997 3018857.0
26984 2853581.0
26984 3006362.0
26958 2993156.0
26958 2853785.0
26859 2803373.0
26859 2798608.0
26859 2810271.0
26859 2869778.0
26797 2859735.0
26797 2879700.0
26794 2828607.0
26754 2850359.0
26666 2870518.0
26666 2855696.0
26633 2912915.0
26570 2859475.0
26540 2843755.0
26579 2849271.0
26572 5884313.0
26527 2860368.0
26527 2816647.0
26527 2986699.0
26581 3759933.0
26587 2968775.0
26534 2875861.0
26495 2962670.0
26487 2921668.0
26496 2875728.0
26436 3024105.0
26436 2990475.0
26436 2972613.0
26397 2961363.0
26399 2927849.0
26438 2933180.0
26389 2885073.0
26383 2860725.0
26383 3001887.0
26422 2871460.0
26383 2884510.0
26422 2910000.0
26422 2840348.0
26383 2868432.0
26383 2846129.0
26368 2853219.0
26332 2872476.0
26371 2869762.0
26330 2841082.0
26369 2937482.0
26330 2857851.0
26369 2844050.0
26320 2932451.0
26320 2866432.0
26359 2904707.0
26353 2900961.0
26304 2884321.0
26304 2869663.0
26343 2924173.0
26343 2974199.0
26311 2635669.0
26270 2889214.0
26270 3226641.0
26276 2981335.0
26315 2934941.0
26301 3056049.0
26262 2937240.0
26266 2934169.0
26266 2925666.0
26266 2874125.0
26266 2855364.0
26227 2948564.0
26261 2901278.0
26222 2922065.0
26261 2938360.0
26217 2905549.0
26207 2931340.0
26207 2883403.0
26246 2932182.0
26187 2857248.0
26187 3008418.0
26141 2918922.0
26180 2882196.0
26146 2898141.0
26107 2891681.0
26153 2925291.0
26104 2921592.0
26078 3526657.0
26042 3923282.0
26081 3522868.0
26042 2991977.0
26076 2943013.0
26044 3585752.0
26018 3476026.0
26018 6165590.0
25932 3778576.0
25971 3463084.0
25971 3586107.0
25945 3585240.0
25899 3582639.0
25911 3751681.0
25856 3775576.0
25873 3482787.0
25873 3476797.0
25873 3566152.0
25912 3481296.0
25873 3531376.0
25770 3580528.0
25792 3460027.0
25806 3497799.0
25715 3509227.0
25708 3535340.0
25669 3492913.0
25650 3431077.0
25629 3461879.0
25629 3494541.0
25590 3493351.0
25590 3451401.0
25629 3584670.0
25629 3500822.0
25629 3574026.0
25601 3598421.0
25593 3416508.0
25593 3443527.0
25636 3464605.0
25636 3543620.0
25636 3572948.0
25597 3501709.0
25558 3567688.0
25604 3442185.0
25615 3436337.0
25553 3503046.0
25547 3449477.0
25537 3396480.0
25490 3514679.0
25457 3581462.0
25492 3555595.0
25492 3474754.0
25476 3470717.0
25483 3511140.0
25434 3489261.0
25384 3454924.0
25416 3551250.0
25423 3552178.0
25420 3557580.0
25381 3523725.0
25381 3526125.0
25420 3600188.0
25396 3599706.0
25390 6969583.0
25390 2897558.0
25371 2872198.0
25371 2896982.0
25371 4550871.0
25424 3309415.0
25408 2894059.0
25364 2852647.0
25328 2708550.0
25364 2501348.0
25361 2478638.0
25322 2455434.0
25321 2575682.0
25321 2783516.0
25360 2793353.0
25360 2834989.0
25360 2931995.0
25360 2841421.0
25360 2899181.0
25360 2395494.0
25321 2336291.0
25321 2724492.0
25321 3226147.0
25354 3155621.0
25354 2987353.0
25354 2879828.0
25354 2843583.0
25315 2951158.0
25367 2853748.0
25348 2791627.0
25309 2808919.0
25319 2866810.0
25346 2836623.0
25307 2864093.0
25337 2966314.0
25280 3124485.0
25240 2945259.0
25266 2898446.0
25249 2879377.0
25210 2956130.0
25210 2847025.0
25249 2824633.0
25231 2833724.0
25186 2869461.0
25186 2833549.0
25225 2790673.0
25225 2886456.0
25186 2853659.0
25186 2837044.0
25178 2825751.0
25178 2853728.0
25172 2845465.0
25172 2859847.0
25090 2919699.0
25046 2811040.0
25046 2817907.0
25085 2869003.0
25077 3013365.0
25083 3048542.0
25083 2927565.0
25083 3058780.0
25083 5530055.0
25015 2892919.0
25054 2888652.0
24976 2946152.0
24929 3498251.0
24929 4726102.0
24873 3060157.0
24922 2877261.0
24942 3111051.0
24885 2942708.0
24846 3578875.0
24846 2898602.0
24885 2911613.0
24884 3017573.0
24845 2956784.0
24845 2904039.0
24884 2857241.0
24884 2988411.0
24869 2988692.0
24829 3228157.0
24805 2916538.0
24749 2930804.0
24749 2906835.0
24770 3299686.0
24731 2832726.0
24731 3466045.0
24758 8510276.0
24719 2968317.0
24739 2867996.0
24739 2913353.0
24739 2926820.0
24739 2896357.0
24686 2906810.0
24715 2911980.0
24715 2874455.0
24715 2911991.0
24715 2957563.0
24690 2963097.0
24690 2890868.0
24705 2866104.0
24666 2868124.0
24666 2857263.0
24699 2880173.0
24699 2979378.0
24616 3058504.0
24655 2842800.0
24616 2884071.0
24655 2924928.0
24578 2945963.0
24578 2888898.0
24578 2871520.0
24623 2904006.0
24584 2910951.0
24584 3239223.0
24584 2883326.0
24545 2908190.0
24547 2897463.0
24508 2748992.0
24508 2850811.0
24508 2944383.0
24538 2938797.0
24499 2892369.0
24538 2845811.0
24446 3363972.0
24492 3308637.0
24486 2915513.0
24447 2850276.0
24486 4436374.0
24419 2902270.0
24458 2876700.0
24458 2949080.0
24458 3206672.0
24404 2991228.0
24443 2882156.0
24404 2881414.0
24410 2898802.0
24410 2876877.0
24371 2885158.0
24365 2914209.0
24367 2971697.0
24404 2857814.0
24323 2839184.0
24276 2860098.0
24276 2857578.0
24315 2998123.0
24315 2864674.0
24276 2894747.0
24269 2824728.0
24308 2876987.0
24302 2891400.0
24263 2860491.0
24263 2976751.0
24280 2943995.0
24319 2827551.0
24280 2880834.0
24275 2863814.0
24228 2924733.0
24260 2922508.0
24221 2877693.0
24244 2887626.0
24197 2903673.0
24197 2891772.0
24190 2900999.0
24190 3089165.0
24197 2931644.0
24197 2910884.0
24156 2954319.0
24191 2809059.0
24174 2868323.0
24171 3030579.0
24171 2937046.0
24171 2893892.0
24163 2943004.0
24117 2914355.0
24117 2898655.0
24075 2928709.0
24075 3391566.0
24075 2845864.0
24036 2887312.0
24075 3075268.0
24049 2899366.0
24034 2845516.0
24034 3048073.0
24034 2892559.0
24031 2902000.0
24028 2899009.0
23977 2853842.0
23938 3002506.0
23938 3068790.0
23961 2946970.0
23961 3252818.0
23960 3094552.0
23918 3007357.0
23869 4287641.0
23869 2924209.0
23908 3027906.0
23892 3157841.0
23853 3173470.0
23898 3214740.0
23859 2945086.0
23898 2970974.0
23859 3222915.0
23859 3283607.0
23859 2963871.0
23859 3178900.0
23859 2959297.0
23898 3158793.0
23856 2960629.0
23856 3090895.0
23895 3742577.0
23882 3387217.0
23882 3312774.0
23888 3194543.0
23849 2997136.0
23881 3302995.0
23871 2938122.0
23868 3147640.0
23829 3024802.0
23836 2994008.0
23836 3261441.0
23836 3215501.0
23875 2937532.0
23864 3147689.0
23864 3308726.0
23829 3098746.0
23868 2946539.0
23807 3002209.0
23846 3098718.0
23835 3074400.0
23835 2933933.0
23796 3025176.0
23828 3001518.0
23828 3478218.0
23828 2978767.0
23828 3230957.0
23789 2930539.0
23788 3302900.0
23763 2998665.0
23763 3311547.0
23763 3124849.0
23724 2919987.0
23719 3079841.0
23738 2971024.0
23759 3112652.0
23699 2961393.0
23699 3245858.0
23722 2992326.0
23746 3007956.0
23731 2882436.0
23731 2904917.0
23683 3120957.0
23743 3028041.0
23722 3091317.0
23722 3078881.0
23722 3038271.0
23722 3245172.0
23676 3215700.0
23715 3073110.0
23715 3237235.0
23676 3006408.0
23713 3053399.0
23674 3186034.0
23674 3066969.0
23713 3107450.0
23708 2918461.0
23704 3106661.0
23695 2971191.0
23656 3196600.0
23656 2965013.0
23590 2919715.0
23584 3097240.0
23623 3045479.0
23590 3033988.0
23590 2975689.0
23629 2956005.0
23585 2848636.0
23624 3279425.0
23580 3185958.0
23575 2969086.0
23567 3058076.0
23603 3240272.0
23584 3624793.0
23545 3601084.0
23529 3383261.0
23568 3959664.0
23522 3114252.0
23578 3165413.0
23530 4252905.0
23491 3421260.0
23480 3059869.0
23504 3202487.0
23436 3196899.0
23443 3071069.0
23482 3077706.0
23482 4011012.0
23465 3308016.0
23459 3116892.0
23429 3060421.0
23473 2999946.0
23415 3261817.0
23455 3152593.0
23397 3125859.0
23397 2958902.0
23372 3211599.0
23372 3045090.0
23372 3057224.0
23360 3009671.0
23360 3079472.0
23267 3144184.0
23267 3079061.0
23267 2999166.0
23302 3169600.0
23302 2914307.0
23300 3375713.0
23279 3046348.0
23279 3417539.0
23267 2762025.0
23220 2434162.0
23264 2555340.0
23225 3002521.0
23276 2974389.0
23236 3098910.0
23208 3291482.0
23207 3073698.0
23196 2941113.0
23157 3074598.0
23157 3010672.0
23196 3250538.0
23196 3039773.0
23149 3039671.0
23188 2993454.0
23149 3454392.0
23188 2962182.0
23188 3598932.0
23188 3034222.0
23188 3058962.0
23173 3450555.0
23173 3060446.0
23176 2991794.0
23132 3054176.0
23132 2972711.0
23189 2981858.0
23189 3031696.0
23144 3030301.0
23153 2982378.0
23123 2928696.0
23162 3017716.0
23152 3027683.0
23113 3062680.0
23113 2976193.0
23113 3160126.0
23113 2976504.0
23113 3097498.0
23108 2967835.0
23108 3120443.0
23097 2976570.0
23096 3315213.0
23096 3101193.0
23096 5294842.0
23132 3441440.0
23093 3194592.0
23132 3136019.0
23072 2581191.0
23111 2524200.0
23072 2438614.0
23050 3230996.0
23050 3059865.0
23050 3015922.0
23050 3605917.0
23050 3239470.0
23050 3356255.0
23089 2966081.0
23086 3030269.0
23086 2987760.0
23047 3034149.0
23086 2988607.0
23079 2981923.0
23079 2953134.0
23079 3002687.0
23040 3454271.0
23087 2994380.0
23087 3033582.0
23087 3114292.0
23080 2954867.0
23080 3083653.0
23041 3014846.0
23041 3030762.0
23080 3004394.0
23042 3048550.0
23090 2946358.0
23090 2982940.0
23051 2975608.0
23090 3004460.0
23051 3037369.0
23090 2933040.0
23084 3226658.0
23084 3070404.0
23045 3057923.0
23035 3001930.0
23035 3346183.0
23035 3341489.0
23034 3411064.0
23001 3399861.0
23032 2533762.0
22993 2455363.0
23032 2870143.0
23032 2976862.0
23025 3272214.0
23025 3527393.0
23025 3077516.0
23025 3116902.0
23025 3049657.0
22986 3159480.0
22954 3000009.0
22993 3517829.0
22993 2979023.0
22993 3087028.0
22964 2995047.0
22964 3162432.0
22964 3429608.0
22964 3050531.0
22925 2987695.0
22962 3213771.0
22923 3004975.0
22962 3146685.0
22925 3033970.0
22918 3255494.0
22879 3088623.0
22908 3350865.0
22823 3144361.0
22777 3270965.0
22777 3068868.0
22777 3351903.0
22784 3093166.0
22784 3339480.0
22784 3102181.0
22790 3200840.0
22790 3135701.0
22786 3197914.0
22786 3060291.0
22760 3221033.0
22742 3419621.0
22732 4125831.0
22732 3166023.0
22732 3054674.0
22743 3405606.0
22743 2992943.0
22743 3176146.0
22699 3044863.0
22699 3254714.0
22699 3245580.0
22699 3260522.0
22590 3040990.0
22590 3427375.0
22628 3062743.0
22589 3318726.0
22628 3125831.0
22627 3085023.0
22532 3063237.0
22504 3123296.0
22465 3009720.0
22504 3141199.0
22464 3103108.0
22464 3047170.0
22445 3001400.0
22439 3133213.0
22439 3035998.0
22439 3196649.0
22439 3034319.0
22439 3094441.0
22439 3015440.0
22435 3094253.0
22435 3322352.0
22442 3290783.0
22445 3121450.0
22445 3051383.0
22445 3119615.0
22391 2987506.0
22351 3043529.0
22345 3049822.0
22337 3140466.0
22298 3042169.0
22285 3080546.0
22301 3368359.0
22301 3280897.0
22297 3133180.0
22245 3210584.0
22245 3042548.0
22217 3056362.0
22256 3038289.0
22256 3081331.0
22256 3011340.0
22217 3257595.0
22218 3076509.0
22218 5009279.0
22218 5094220.0
22218 4467566.0
22218 3086105.0
22209 3204737.0
22215 8712538.0
22188 3775240.0
22188 5235271.0
22149 5348229.0
22188 3921781.0
22188 3099215.0
22123 3363451.0
22137 3108305.0
22137 3498952.0
22137 3012688.0
22141 3292921.0
22102 3047472.0
22093 3181688.0
22093 3051293.0
22132 3119931.0
22093 3206849.0
22062 3074533.0
22068 2997350.0
22068 3040747.0
22048 4048233.0
22042 3118139.0
22042 3242892.0
22035 3057401.0
22035 3269497.0
22023 3137504.0
22023 3188119.0
22029 3004933.0
22029 3273354.0
22029 3035298.0
22029 3162265.0
22029 3032675.0
22039 3210850.0
22039 3353168.0
22024 3140209.0
22024 3034301.0
22023 3100953.0
22023 2951975.0
21979 2499956.0
21979 2802060.0
21960 3237783.0
21960 3153372.0
21960 3389698.0
21977 3106565.0
21969 3032691.0
21948 3093190.0
21948 3120025.0
21942 3279775.0
21942 3459830.0
21942 3408873.0
21942 3158150.0
21924 2978275.0
21903 3194761.0
21902 3299254.0
21895 3389402.0
21895 3144735.0
21895 3122627.0
21895 3171786.0
21888 3200330.0
21888 3176728.0
21895 3078205.0
21895 3126985.0
21895 3014607.0
21834 3202067.0
21758 3055524.0
21758 3199544.0
21722 3064633.0
21728 3144753.0
21722 3007732.0
21722 3113187.0
21722 3056844.0
21722 3010779.0
21720 3071782.0
21712 3069308.0
21712 3002050.0
21712 3177283.0
21712 3115753.0
21703 3034592.0
21715 3126984.0
21715 3046740.0
21715 2990008.0
21706 3128910.0
21706 3044361.0
21706 3078810.0
21706 3387176.0
21706 3195966.0
21639 3104519.0
21635 5156438.0
21551 3085618.0
21516 3114472.0
21516 3168641.0
21516 3060029.0
21516 3687060.0
21516 3075247.0
21516 3211221.0
21516 3005655.0
21484 3267279.0
21475 3217999.0
21475 3230628.0
21475 3068742.0
21472 3436860.0
21447 3131380.0
21447 3154981.0
21444 3271950.0
21444 3388317.0
21419 3085437.0
21419 3216300.0
21389 2992790.0
21384 3269212.0
21384 3149632.0
21384 3370081.0
21384 3116357.0
21369 3038640.0
21369 3066010.0
21369 3144418.0
21369 3086243.0
21369 3231167.0
21392 3099796.0
21392 3177162.0
21373 3081765.0
21373 3197206.0
21373 3177689.0
