First MST242314 1.41120018E8
242355 9.6669891E7
242288 8.8941014E7
242182 8.8067123E7
242266 8.8777189E7
242232 9.1177678E7
242208 9.3844913E7
242230 9.7599143E7
242261 9.6240751E7
242132 9.4638051E7
242236 8.6097708E7
242148 8.7691934E7
242135 8.6730595E7
242148 8.8181945E7
242151 8.8174001E7
242227 8.8622311E7
242078 8.7845516E7
242139 9.3224506E7
242202 8.7118811E7
242027 8.5437106E7
242051 8.8292744E7
242097 8.6705349E7
242057 9.7263972E7
242017 8.8233136E7
242081 8.9535519E7
242120 8.7141717E7
242058 8.8288612E7
242077 9.0301538E7
242097 8.9657291E7
242032 9.4769701E7
242040 9.2818092E7
242103 9.419264E7
242011 9.3261949E7
242000 9.44065E7
242125 9.4801702E7
242087 9.3074991E7
242028 9.4662958E7
242054 8.4883324E7
241958 8.8546003E7
241974 8.609239E7
242005 8.7883163E7
241914 8.6500172E7
241895 8.6884963E7
241921 8.722412E7
242016 8.8397161E7
241924 8.6261404E7
241891 8.5760393E7
241920 9.0567653E7
241912 8.7239162E7
241866 8.9826193E7
241846 8.7840472E7
241786 8.6591144E7
241850 8.8794682E7
241810 8.7382427E7
241775 8.843701E7
241764 8.5286626E7
241793 9.0067513E7
241747 8.7904931E7
241685 8.7918137E7
241682 8.9294489E7
241600 8.7788881E7
241653 8.82841E7
241702 8.8139996E7
241614 8.8047911E7
241621 8.7884713E7
241593 8.7678849E7
241688 8.8747902E7
241771 8.6793126E7
241660 8.7731605E7
241685 8.8478558E7
241682 8.6939344E7
241611 9.4554667E7
241701 9.0260359E7
241676 9.2160791E7
241750 9.3608778E7
241733 9.3733793E7
241797 9.5437229E7
241655 9.4459898E7
241567 9.3459625E7
241657 9.4813707E7
241603 9.6365608E7
241589 9.2766954E7
241608 9.4346178E7
241486 9.5368645E7
241451 9.3825923E7
241453 9.598999E7
241510 9.4340713E7
241469 9.3900202E7
241451 9.2056008E7
241452 9.4943534E7
241514 9.4998961E7
241460 8.6384259E7
241540 8.6449661E7
241529 8.7569241E7
241475 8.7145036E7
241499 9.0316097E7
241422 8.6206857E7
241438 8.7395487E7
241411 8.5831259E7
241310 8.955061E7
241242 8.8095666E7
241265 8.7959643E7
241290 8.7353225E7
241277 8.6483857E7
241251 8.8074349E7
241318 8.9088019E7
241209 8.7430991E7
241289 8.6145777E7
241260 8.8238505E7
241311 8.9263627E7
241464 8.7690692E7
241363 8.6461847E7
241392 8.7870786E7
241284 8.6946736E7
241250 8.7236009E7
241188 8.8987785E7
241148 8.8260203E7
241199 8.6993676E7
241173 8.8615711E7
241235 8.7133757E7
241135 9.7493516E7
241159 8.7563718E7
241016 8.753699E7
241092 8.867901E7
241187 8.717488E7
241119 8.8637324E7
241150 9.234426E7
241131 8.6799727E7
241193 8.6680504E7
241135 8.6964069E7
241106 8.8456396E7
241063 8.7356308E7
241092 8.8223855E7
241126 8.8978161E7
241071 8.6718813E7
241073 8.8863646E7
241039 8.6125154E7
241035 8.7690006E7
241031 8.6692483E7
240927 8.9499223E7
240938 1.07706221E8
240971 8.6297606E7
240932 8.7141406E7
240971 8.8126807E7
241049 8.8274856E7
240972 8.9232824E7
240944 8.8546946E7
240903 9.0847703E7
240919 8.75721E7
240919 8.700005E7
240876 8.9573993E7
240821 8.8053154E7
240729 8.8421168E7
240712 8.7765964E7
240695 8.9093527E7
240725 8.5939952E7
240770 8.7785501E7
240707 8.6893094E7
240697 8.8265252E7
240743 8.871338E7
240648 8.7699957E7
240663 9.0132994E7
240625 8.7737233E7
240640 9.2112587E7
240531 1.00937578E8
240472 9.9673807E7
240561 9.4760564E7
240566 9.6678751E7
240544 9.3915097E7
240502 1.039377E8
240531 9.5967501E7
240615 9.4636701E7
240644 8.5879185E7
240559 9.0073333E7
240560 8.9219982E7
240527 8.7546798E7
240536 8.9680727E7
240566 8.8849663E7
240511 8.7657305E7
240512 8.9536655E7
240601 9.0900453E7
240521 9.5295651E7
240472 8.8620666E7
240607 9.08571E7
240536 8.9781334E7
240608 8.7804386E7
240489 8.712893E7
240441 8.6802927E7
240556 9.1747982E7
240390 8.7530925E7
240420 8.9543769E7
240497 8.8613748E7
240513 8.837526E7
240478 8.8937184E7
240386 8.9402908E7
240519 8.8969294E7
240452 8.8682929E7
240557 8.7492694E7
240471 8.8002687E7
240408 8.8758369E7
240463 8.8867636E7
240304 8.698477E7
240447 8.9023473E7
240400 8.8601745E7
240489 8.8501906E7
240281 8.9167468E7
240281 8.8542387E7
240242 8.8473926E7
240238 8.728539E7
240199 8.8562032E7
240200 8.8195509E7
240225 8.8684698E7
240155 8.7084374E7
240173 8.9844796E7
240142 8.7477743E7
240227 8.6881342E7
240012 9.2772525E7
240111 8.4135866E7
240076 9.2608003E7
240118 8.9174521E7
240195 8.8988613E7
240196 8.7760261E7
240062 8.7455295E7
239983 8.7450577E7
239925 8.7061472E7
239870 8.6087416E7
239922 8.6954401E7
239913 8.992188E7
239936 8.6893483E7
239819 8.7817003E7
239966 8.9141654E7
240019 8.8290294E7
239880 8.8511321E7
239890 9.0170602E7
239969 8.7853822E7
239881 8.6772935E7
239935 8.8095015E7
239892 8.7709172E7
239887 8.8605803E7
239898 9.135841E7
239945 8.5824103E7
239855 8.863519E7
239832 8.6483448E7
239958 8.7110376E7
239893 8.672894E7
239865 8.9439079E7
239865 8.8599081E7
239845 8.891592E7
239800 8.9538603E7
239784 8.7652082E7
239809 8.7813342E7
239770 8.7667936E7
239803 8.8040824E7
239737 8.7092764E7
239677 8.709406E7
239650 8.8481804E7
239729 8.6860183E7
239685 8.7267917E7
239722 8.7971526E7
239773 8.7177771E7
239708 8.8213831E7
239719 8.7917266E7
239722 9.6978245E7
239711 8.7485641E7
239699 9.1517935E7
239744 8.8796965E7
239698 9.0515939E7
239706 8.6523676E7
239681 9.1228687E7
239585 9.3678397E7
239526 9.0837497E7
239518 9.0760036E7
239560 8.9526728E7
239496 9.0761573E7
239456 8.8012088E7
239443 8.7720695E7
239278 8.9132001E7
239326 8.7687508E7
239276 8.7582086E7
239279 8.7436411E7
239335 8.717219E7
239338 8.8224758E7
239299 8.6551528E7
239270 9.0176776E7
239255 8.758978E7
239283 8.8372262E7
239249 8.6221483E7
239280 8.6539445E7
239273 8.7666329E7
239194 8.6063272E7
239237 8.6998331E7
239145 8.9577835E7
239115 8.7640982E7
239038 9.0890007E7
239123 8.9612641E7
239196 8.8084728E7
239095 8.8343861E7
239124 8.8756118E7
239166 8.9021191E7
239201 8.7390668E7
239142 8.7166125E7
239207 9.0349609E7
239163 8.7817015E7
239196 8.893641E7
239136 8.9188609E7
239194 8.6672868E7
239137 8.8521234E7
239050 9.5088423E7
238952 8.98397E7
238894 8.7372564E7
238954 9.390389E7
238818 9.1593115E7
238854 9.0322217E7
238759 8.8717699E7
238766 8.7969442E7
238667 9.0391206E7
238680 8.7554813E7
238650 8.7069268E7
238665 8.6849734E7
238589 9.3095583E7
238589 9.0123961E7
238531 8.701719E7
238675 8.6726456E7
238595 8.6477382E7
238578 8.7944543E7
238759 8.8399633E7
238583 8.7634513E7
238536 8.7848115E7
238472 8.6933106E7
238563 8.5976323E7
238609 8.9924469E7
238577 8.7749618E7
238547 9.0796909E7
238489 8.9036731E7
238575 8.9691274E7
238480 8.6607682E7
238686 8.5821695E7
238539 8.8485884E7
238610 8.8709824E7
238405 8.7106495E7
238582 8.6717361E7
238532 8.7626694E7
238559 8.73849E7
238588 8.6234004E7
238469 8.8380362E7
238462 8.6418953E7
238462 8.6379567E7
238538 8.7695614E7
238458 8.8043112E7
238483 8.5960571E7
238422 9.2755972E7
238363 8.843624E7
238493 8.7155362E7
238277 8.8572513E7
238404 8.8100234E7
238423 8.6730495E7
238374 8.705787E7
238281 9.137748E7
238231 8.7551202E7
238095 9.3276488E7
238246 8.9908477E7
238165 9.3252122E7
238233 9.489255E7
238237 9.6161987E7
238092 9.1525839E7
238044 9.0946405E7
237973 8.7772914E7
237875 8.7911454E7
237898 8.8876672E7
237854 9.3340438E7
237908 8.7691996E7
237925 8.8588074E7
237813 8.7474734E7
237959 8.9895411E7
237825 8.841381E7
237913 8.7625856E7
238000 8.9003881E7
237993 8.726822E7
237956 8.7348595E7
237883 8.8883636E7
237934 8.8912513E7
237913 8.6864034E7
237760 8.7112561E7
237674 8.9792998E7
237702 8.9789677E7
237722 8.8445818E7
237587 8.5682522E7
237562 8.8036892E7
237605 8.7607182E7
237516 8.6769957E7
237493 8.8559947E7
237485 9.2035798E7
237456 8.6686968E7
237456 8.8023286E7
237442 8.9542888E7
237508 9.3045589E7
237492 9.0911575E7
237522 8.8031693E7
237573 8.6096468E7
237437 8.6482619E7
237519 8.8572675E7
237542 8.8646367E7
237477 8.7847147E7
237386 8.951388E7
237549 8.9040972E7
237470 8.9818242E7
237480 8.7686787E7
237391 8.84173E7
237506 8.9527833E7
237478 9.2386499E7
237468 9.2164474E7
237514 9.0253418E7
237229 9.1186893E7
237358 9.464694E7
237355 9.1773946E7
237380 9.0940738E7
237248 8.7381605E7
237217 8.8393423E7
237343 9.1052546E7
237397 8.9818991E7
237304 8.9595755E7
237263 8.7489438E7
237359 8.7698968E7
237395 9.2095035E7
237302 8.7400033E7
237296 8.7112452E7
237231 8.7167294E7
237412 8.8181019E7
237279 8.7636918E7
237313 8.7773046E7
237370 9.2025614E7
237325 8.7485612E7
237396 8.8106331E7
237360 9.0625563E7
237316 8.889432E7
237144 8.7070335E7
237234 8.8159185E7
237175 8.661394E7
237207 8.7383554E7
237203 8.8271405E7
237159 8.8814579E7
237126 8.8050028E7
237161 8.6990189E7
237108 8.9197975E7
237079 8.7539054E7
237141 8.6780388E7
237055 8.8284097E7
237097 8.7526677E7
237086 8.668951E7
237036 8.6196699E7
236934 8.9243735E7
236918 8.9270195E7
237020 8.6590121E7
236878 8.9241762E7
236789 8.7256428E7
236862 8.7044897E7
236832 8.8843423E7
236812 8.8132024E7
236810 8.7463124E7
236739 8.8235914E7
236699 8.9836581E7
236816 8.8434993E7
236800 8.6483251E7
236810 8.9192792E7
236895 8.8210854E7
236924 8.9366812E7
236791 8.639696E7
236769 9.0548167E7
236784 8.449529E7
236634 9.5604858E7
236629 9.0526734E7
236629 8.8843789E7
236546 8.8888449E7
236614 9.2818887E7
236679 8.8330953E7
236652 8.8187054E7
236562 8.6961846E7
236577 8.7310281E7
236495 8.8292461E7
236546 8.8530372E7
236510 8.94997E7
236510 9.4749011E7
236408 8.9461105E7
236450 8.8861792E7
236476 8.8502415E7
236454 8.9581022E7
236453 8.8023671E7
236515 8.9206666E7
236529 8.7937923E7
236500 8.8824661E7
236521 8.894121E7
236527 8.8520169E7
236507 8.6192785E7
236443 8.7951053E7
236406 8.7922031E7
236384 8.7184295E7
236402 8.7920062E7
236261 8.8418247E7
236349 8.8688432E7
236332 8.9551007E7
236353 9.1317039E7
236361 8.7597942E7
236350 8.6858371E7
236315 9.4721091E7
236346 8.7796225E7
236405 8.7617411E7
236396 8.641001E7
236322 8.6192049E7
236368 8.8148063E7
236368 8.9393859E7
236234 8.9128823E7
236298 8.7865955E7
236316 8.9005242E7
236359 8.7623177E7
236407 8.7932483E7
236293 8.652384E7
236322 8.8772306E7
236194 8.6480361E7
236387 8.7853153E7
236339 9.8140865E7
236375 8.8633517E7
236260 8.953158E7
236254 8.7696399E7
236289 8.7357303E7
236268 8.9493875E7
236268 8.9671059E7
236302 8.7756113E7
236282 8.8841786E7
236239 8.9317122E7
236201 8.7600712E7
236150 8.9104106E7
236159 9.0738607E7
236123 8.8585901E7
236186 8.8264698E7
236170 8.887903E7
236098 8.7483752E7
236050 8.6844085E7
236050 9.6473215E7
236060 8.9708242E7
236094 8.6230664E7
236093 8.8593343E7
236200 9.0747411E7
236096 8.854174E7
236188 9.0038947E7
236203 8.8609688E7
236110 9.1044364E7
236158 8.8882293E7
236059 9.1035291E7
236060 8.7486033E7
236045 8.7445845E7
236000 8.8085E7
236087 8.9451971E7
236033 8.6981059E7
235937 8.9117526E7
235978 8.8148862E7
235915 8.8448921E7
235997 8.7121441E7
236117 8.8212043E7
235982 8.7558853E7
236104 8.7038329E7
236001 8.827731E7
235930 9.0743968E7
235884 8.8836556E7
235928 8.7009635E7
236013 8.8020006E7
235922 8.7319033E7
235933 8.7238533E7
235934 8.6879797E7
235872 8.8667478E7
235881 1.11662105E8
235793 8.771706E7
235838 8.8813544E7
235784 8.7581108E7
235778 8.9485326E7
235750 8.8104414E7
235872 8.7531258E7
235883 8.8974458E7
235751 8.640847E7
235667 8.8539771E7
235688 9.25344E7
235725 8.7980791E7
235804 9.2641468E7
235780 8.639951E7
235764 8.9330534E7
235744 8.7579636E7
235758 8.9015077E7
235750 8.7374903E7
235833 8.7761825E7
235926 8.7720305E7
235756 8.9596455E7
235753 8.7706624E7
235781 8.7070673E7
235679 8.8601498E7
235804 8.834059E7
235710 8.8451249E7
235693 9.0021907E7
235745 8.7466034E7
235677 8.6999547E7
235708 8.8322896E7
235697 8.6650836E7
235655 9.76761E7
235755 9.6039445E7
235735 9.1172459E7
235634 9.1654989E7
235664 9.1939717E7
235604 8.7236429E7
235684 9.1151981E7
235646 8.9175006E7
235579 8.6681985E7
235580 8.8541846E7
235565 8.9533368E7
235534 9.0726111E7
235558 8.7443867E7
235568 8.9400507E7
235580 8.7118981E7
235654 8.8102345E7
235575 8.8879E7
235529 8.7637328E7
235384 9.248981E7
235545 8.9286142E7
235500 8.8860002E7
235496 8.7834803E7
235480 8.8445285E7
235486 8.8097924E7
235484 8.6978991E7
235522 8.7295196E7
235579 8.7787518E7
235512 8.8416574E7
235397 8.814561E7
235366 9.249978E7
235472 8.7071481E7
235436 9.0967911E7
235436 9.5701802E7
235423 8.9192838E7
235343 9.0267038E7
235282 9.2116332E7
235523 9.5163094E7
235479 8.8309825E7
235465 8.9067887E7
235521 8.7431117E7
235507 8.838441E7
235466 8.7446946E7
235399 8.7898204E7
235462 9.0086069E7
235430 8.8065432E7
235476 8.7309859E7
235499 8.9711762E7
235555 8.744632E7
235404 8.9313257E7
235482 8.8051728E7
235393 8.7737549E7
235403 8.7061302E7
235449 8.8460211E7
235425 8.8878003E7
235410 8.6525898E7
235468 8.8250477E7
235515 8.7040203E7
235469 9.1568322E7
235500 8.6400831E7
235528 8.7706429E7
235455 8.8956988E7
235491 8.8387895E7
235318 8.6707421E7
235493 8.9237413E7
235447 8.8471982E7
235310 8.8785408E7
235354 8.8832686E7
235300 9.2173979E7
235397 9.4465168E7
235345 9.1953289E7
235324 8.874808E7
235257 9.2381588E7
235279 9.3354552E7
235293 9.353198E7
235361 9.1270035E7
235268 9.2837955E7
235237 9.0751313E7
235236 9.0678431E7
235192 9.0877964E7
235202 9.3370085E7
235095 9.7728628E7
235133 9.5685593E7
235227 1.00740602E8
235168 9.1930609E7
235112 9.9399008E7
235118 8.9551928E7
235135 9.2379317E7
235143 8.9840547E7
235150 8.9771549E7
235161 9.0085232E7
235087 8.8459036E7
235066 9.4716496E7
235008 9.1166595E7
234983 8.7229331E7
234998 8.779594E7
234947 8.8949353E7
234921 8.6418005E7
234988 8.79918E7
234923 8.834462E7
234921 8.8428621E7
235015 8.9500954E7
235000 9.7303919E7
234961 9.2135696E7
234882 8.8441769E7
234863 8.7468819E7
234907 8.8147593E7
234926 8.6852253E7
234867 8.7614076E7
234818 8.6768865E7
234904 8.7924905E7
234867 8.7639024E7
234842 9.0493748E7
234823 8.9664841E7
234726 8.915302E7
234707 8.991715E7
234748 8.9893904E7
234776 8.8541982E7
234779 9.5079197E7
234872 8.8232656E7
234800 9.1660982E7
234743 9.0585915E7
234727 8.8094613E7
234766 9.0652379E7
234763 8.8469006E7
234763 8.7159936E7
234698 8.860745E7
234826 8.7585254E7
234769 8.7957939E7
234755 8.6794E7
234728 8.7867532E7
234744 8.8407572E7
234665 8.7751571E7
234784 9.0202463E7
234793 8.9141175E7
234633 9.6890351E7
234656 8.8929868E7
234795 8.7750793E7
234708 8.6960244E7
234691 8.8820684E7
234653 8.927622E7
234682 8.7841005E7
234676 9.0361083E7
234690 8.9221185E7
234687 8.797801E7
234687 8.825549E7
234659 8.7016728E7
234657 8.7318202E7
234720 8.6985499E7
234635 8.7296093E7
234721 8.7907172E7
234678 8.8091516E7
234715 8.7763722E7
234731 8.8661881E7
234678 8.6654198E7
234744 8.6703802E7
234587 8.6817679E7
234572 8.7303118E7
234516 9.3678991E7
234608 8.7497586E7
234567 8.7361817E7
234662 8.9134191E7
234714 8.6527518E7
234778 8.9261266E7
234705 8.9011058E7
234612 8.8321702E7
234724 8.9247183E7
234667 8.7426298E7
234598 9.4298021E7
234520 8.9343385E7
234577 8.8105165E7
234527 8.9192782E7
234509 8.692667E7
234507 8.9160438E7
234399 8.8806553E7
234413 8.8861718E7
234575 8.8309901E7
234546 8.9765406E7
234445 8.7220883E7
234504 8.9008447E7
234594 9.4675097E7
234493 9.2189248E7
234492 9.1351765E7
234575 9.2031562E7
234483 8.8311916E7
234449 9.0230992E7
234566 8.8950771E7
234594 8.858953E7
234580 8.8968883E7
234533 8.8658166E7
234524 8.6861402E7
234597 9.0732032E7
234479 8.862162E7
234479 8.8688985E7
234525 8.9031226E7
234441 8.7662645E7
234523 8.9026906E7
234476 8.9188945E7
234554 8.7357227E7
234523 8.8323246E7
234400 8.8875369E7
234521 8.7501691E7
234557 9.0159922E7
234421 9.0665189E7
234418 9.0353141E7
234452 8.75162E7
234442 8.9316289E7
234399 8.8556286E7
234397 8.7745352E7
234406 8.673618E7
234387 8.7439567E7
234374 8.8649703E7
234333 8.8707691E7
234365 9.2901868E7
234400 8.8796627E7
234421 8.9262663E7
234392 8.8089325E7
234350 9.5408491E7
234346 9.6609841E7
234327 9.2679247E7
234308 9.647983E7
234348 9.6722203E7
234299 9.3331819E7
234158 9.564437E7
234240 9.538443E7
234280 9.5153959E7
234220 9.245035E7
234234 9.2905491E7
234205 9.2277768E7
234239 9.0139579E7
234299 8.886468E7
234159 8.6963141E7
234223 9.1824743E7
234148 8.7065732E7
234184 9.0246851E7
234280 8.8376386E7
234207 8.6357415E7
234183 8.7418213E7
234234 8.8862649E7
234171 8.681705E7
234015 8.7670997E7
234119 9.2454378E7
234020 9.1381019E7
234160 8.9344344E7
234125 8.9095211E7
234120 8.8822612E7
234015 8.7654502E7
233881 8.8786347E7
233999 8.759557E7
233889 8.8919878E7
233805 8.6706925E7
234000 8.8009245E7
233858 9.068295E7
233947 8.8886793E7
234003 8.742383E7
233940 8.962083E7
233752 8.7815284E7
233862 8.8588659E7
233834 8.8877409E7
233711 8.8768528E7
233645 8.5426538E7
233710 8.7722207E7
233681 8.9351274E7
233553 8.8442738E7
233755 8.7506239E7
233722 8.9618621E7
233753 8.7518925E7
233652 9.2783117E7
233696 8.9264975E7
233612 9.2106218E7
233640 9.0954375E7
233532 8.7679908E7
233595 8.958843E7
233682 8.8183289E7
233686 8.8098522E7
233595 8.8934483E7
233616 8.7432483E7
233640 9.3025145E7
233647 8.7605817E7
233691 8.8126675E7
233507 8.8786605E7
233590 8.9075435E7
233302 8.7947964E7
233360 8.9234259E7
233432 8.6969797E7
233399 8.7670014E7
233483 8.9124205E7
233376 8.7906837E7
233461 8.8747765E7
233368 8.7251503E7
233382 8.8196593E7
233426 8.706964E7
233404 9.0940815E7
233350 8.7738161E7
233400 9.203432E7
233350 9.0124069E7
233344 8.7493773E7
233261 8.82407E7
233196 8.8267248E7
233235 8.7941054E7
233055 8.7605451E7
233135 8.6708779E7
233128 8.874442E7
233141 8.8245081E7
233081 8.9135201E7
233051 9.0875634E7
233087 9.4465217E7
233130 8.8312071E7
233191 8.9170105E7
233133 8.7914891E7
233019 8.7375705E7
233117 8.7956796E7
233207 9.0773047E7
233100 8.8610194E7
233098 8.6783317E7
233077 9.4143241E7
233037 9.4928072E7
233070 9.4711262E7
233140 9.1929477E7
233130 9.2444502E7
233135 8.8959582E7
233114 9.3540592E7
233162 8.9637607E7
233071 8.8935056E7
233024 8.6595213E7
233120 8.9053201E7
233029 9.937845E7
232975 8.7209066E7
232965 8.8279193E7
233014 8.8908922E7
233004 8.5457129E7
232864 8.9115659E7
232893 8.7074968E7
232759 8.7724653E7
232849 8.7950801E7
232865 8.9713972E7
232725 8.9053745E7
232894 8.8847489E7
232958 8.6911278E7
232862 8.850778E7
232889 8.8493067E7
232871 1.00178409E8
232910 8.8650735E7
232749 8.9044601E7
232727 8.887083E7
232658 8.702302E7
232630 8.8454574E7
232658 8.6916798E7
232613 8.7720669E7
232737 8.7711078E7
232727 8.8549481E7
232703 9.0008909E7
232674 8.8045963E7
232616 8.8146338E7
232725 8.8794389E7
232650 9.5087659E7
232660 8.9763433E7
232635 8.8382144E7
232368 8.9384561E7
232549 8.9502947E7
232554 9.5723473E7
232647 9.6150093E7
232528 8.8662232E7
232439 8.7962413E7
232352 8.8381894E7
232385 8.9616743E7
232334 8.8873382E7
232420 9.6067432E7
232241 8.9113183E7
232284 8.4994318E7
232240 9.1027926E7
232198 8.9077221E7
232220 8.8190393E7
232325 8.8479742E7
232248 8.8545079E7
232292 8.7661213E7
232357 8.785043E7
232249 8.8840199E7
232269 8.8103555E7
232222 8.7787911E7
232294 8.7837847E7
232221 8.8169369E7
232203 8.3676938E7
232114 8.8393121E7
232207 8.8485463E7
232128 8.9457131E7
232037 8.7792115E7
232116 8.8507733E7
232032 8.9067407E7
232131 8.9473047E7
232197 8.71269E7
232189 8.7513101E7
232160 8.7233423E7
232131 8.6737773E7
232140 9.0039944E7
232122 8.7634635E7
232006 8.9032249E7
231990 8.8757897E7
231987 8.8435592E7
231989 8.7693295E7
232028 8.912456E7
232078 8.851309E7
