First MST3175 3543211.0
3175 1108467.0
3175 1342390.0
3199 1373835.0
3199 1307641.0
3199 1310754.0
3199 779525.0
3184 839373.0
3184 707303.0
3184 639703.0
3177 644018.0
3130 703080.0
3130 989232.0
3065 989047.0
3065 1069437.0
3037 932307.0
3025 799617.0
3025 579951.0
3025 630969.0
3025 564602.0
3009 575409.0
3009 570518.0
3009 4148686.0
2985 910319.0
2985 594092.0
2977 1079250.0
2977 1042683.0
2977 590265.0
2990 576638.0
2990 576729.0
2990 580762.0
2990 531688.0
2990 569129.0
2990 584252.0
2990 592782.0
2990 608073.0
2990 558797.0
2938 612554.0
2938 565850.0
2901 593949.0
2897 547311.0
2847 545289.0
2847 548796.0
2840 609296.0
2840 542646.0
2840 550462.0
2840 541704.0
2840 715950.0
2840 547442.0
2838 702339.0
2838 555162.0
2838 547026.0
2838 573111.0
2832 581233.0
2720 516339.0
2720 505876.0
2720 501822.0
2716 502535.0
2719 504250.0
2703 506640.0
2702 515770.0
2690 683255.0
2690 541585.0
2654 569778.0
2654 536620.0
2654 532786.0
2654 481848.0
2654 373153.0
2654 395119.0
2654 411975.0
2642 430304.0
2642 384326.0
2642 357161.0
2642 304241.0
2642 303786.0
2642 301710.0
2642 304287.0
2642 303257.0
2640 327842.0
2640 307326.0
2640 2210664.0
2616 419755.0
2599 329594.0
2599 320785.0
2599 317853.0
2599 312429.0
2599 310474.0
2599 311859.0
2598 319296.0
2598 316320.0
2598 352697.0
2561 321465.0
2561 316197.0
2550 342745.0
2550 312625.0
2537 332310.0
2537 313990.0
2537 334500.0
2537 346746.0
2537 339971.0
2537 323822.0
2537 320355.0
2537 322286.0
2537 321090.0
2537 345284.0
2496 588335.0
2487 554572.0
2487 339825.0
2471 374787.0
2471 358736.0
2471 333209.0
2471 330573.0
2471 327180.0
2468 328007.0
2468 324735.0
2466 361846.0
2466 329968.0
2466 441110.0
2450 330021.0
2450 331766.0
2450 331640.0
2450 324470.0
2450 333648.0
2450 324090.0
2450 335034.0
2450 385703.0
2450 330553.0
2450 574306.0
2447 451778.0
2447 345694.0
2450 342574.0
2450 330736.0
2450 326661.0
2450 329898.0
2450 325224.0
2450 331668.0
2450 328000.0
2450 330319.0
2450 330027.0
2450 329375.0
2450 326168.0
2450 554167.0
2450 547411.0
2450 526054.0
2450 536573.0
2450 524654.0
2450 543709.0
2450 563303.0
2450 555460.0
2450 543897.0
2446 547552.0
2446 544928.0
2446 575256.0
2446 559854.0
2446 568260.0
2404 563712.0
2402 537078.0
2398 665691.0
2398 536559.0
2398 549751.0
2398 586360.0
2398 574336.0
2334 554715.0
2334 554926.0
2334 536777.0
2334 536706.0
2309 548762.0
2309 357038.0
2309 428810.0
2307 350426.0
2303 476145.0
2303 592933.0
2303 562007.0
2311 611585.0
2311 582351.0
2311 609006.0
2311 697913.0
2311 584699.0
2311 565481.0
2311 357123.0
2311 356960.0
2310 555852.0
2310 572318.0
2310 558445.0
2298 768071.0
2298 568104.0
2298 582612.0
2298 573155.0
2298 595602.0
2273 575365.0
2273 583417.0
2269 575195.0
2269 868762.0
2269 598916.0
2269 589061.0
2252 573266.0
2252 596987.0
2252 445162.0
2234 353126.0
2234 426461.0
2234 352317.0
2234 341321.0
2231 340986.0
2231 580445.0
2222 529000.0
2222 370744.0
2222 336922.0
2222 618310.0
2222 350854.0
2222 340546.0
2222 365935.0
2222 348815.0
2222 367533.0
2222 354592.0
2222 401602.0
2222 345690.0
2222 341478.0
2222 344104.0
2216 343114.0
2216 373240.0
2216 355327.0
2216 374551.0
2216 522319.0
2216 285949.0
2216 258183.0
2207 257129.0
2207 260260.0
2207 254790.0
2200 257503.0
2200 258999.0
2169 279450.0
2169 259170.0
2169 261762.0
2169 257108.0
2169 257355.0
2169 256467.0
2169 258590.0
2169 262045.0
2169 262174.0
2169 277728.0
2169 258973.0
2168 257907.0
2168 260038.0
2168 261262.0
2168 259937.0
2168 259394.0
2168 266711.0
2168 259122.0
2168 279927.0
2168 267453.0
2168 284907.0
2168 262342.0
2168 257891.0
2168 260212.0
2174 273572.0
2174 265885.0
2174 264225.0
2174 266702.0
2151 278691.0
2151 287097.0
2135 266354.0
2135 1903185.0
2135 235800.0
2135 227091.0
2135 225732.0
2135 225019.0
2135 226616.0
2097 265602.0
2097 263074.0
2097 291290.0
2097 265772.0
2074 264806.0
2067 289000.0
2067 227234.0
2067 226753.0
2067 227908.0
2056 226741.0
2056 228063.0
2056 227175.0
2059 228668.0
2059 228857.0
2059 227175.0
2059 227209.0
2059 227229.0
2059 250323.0
2059 230195.0
2059 229439.0
2059 228893.0
2059 230783.0
2059 230875.0
2059 235320.0
2059 230315.0
2059 230945.0
2059 246436.0
2059 232018.0
2059 234758.0
2047 230073.0
2027 231043.0
2027 233208.0
2027 231408.0
2027 230487.0
2027 233003.0
2027 235867.0
2027 231453.0
2019 232944.0
1982 230303.0
1982 233903.0
1982 232943.0
1982 233262.0
1982 232657.0
1982 232311.0
1941 232118.0
1941 232944.0
1930 233735.0
1930 233772.0
1926 233995.0
1926 233641.0
1884 234242.0
1884 234635.0
1884 233881.0
1884 233711.0
1884 240264.0
1870 233814.0
1870 234802.0
1870 234130.0
1853 234188.0
1853 235016.0
1853 235587.0
1853 251548.0
1835 236142.0
1835 238098.0
1835 236449.0
1835 236806.0
1835 237084.0
1835 237778.0
1835 238099.0
1835 239724.0
1835 238741.0
1835 237617.0
1835 265157.0
1835 439254.0
1835 434494.0
1835 433838.0
1835 431449.0
1835 434120.0
1835 435235.0
1824 286806.0
1824 287453.0
1824 285229.0
1824 286953.0
1807 288148.0
1781 285415.0
1770 285712.0
1770 289460.0
1760 294580.0
1757 290031.0
1757 287722.0
1757 284988.0
1754 285968.0
1754 287019.0
1754 288231.0
1754 288934.0
1754 286628.0
1743 268219.0
1743 267392.0
1743 267495.0
1743 268658.0
1743 267094.0
1743 270080.0
1743 269884.0
1743 270234.0
1743 270783.0
1743 272594.0
1743 245775.0
1743 244623.0
1736 245132.0
1736 244592.0
1736 244714.0
1736 242651.0
1736 244030.0
1736 245192.0
1736 243833.0
1724 253199.0
1724 253801.0
1724 262646.0
1724 270411.0
1697 250560.0
1693 258435.0
1693 252797.0
1693 248919.0
1693 249192.0
1698 246016.0
1698 247460.0
1698 247701.0
1698 248565.0
1698 249986.0
1698 247234.0
1698 248423.0
1698 249316.0
1698 252099.0
1698 249128.0
1698 247120.0
1698 248503.0
1698 284399.0
1698 251404.0
1698 249475.0
1624 248849.0
1619 250286.0
1619 249304.0
1619 249213.0
1616 249072.0
1609 250273.0
1609 248241.0
1606 249807.0
1606 254800.0
1606 251918.0
1606 250994.0
1605 252046.0
1605 251587.0
1605 252682.0
1605 507835.0
1605 463229.0
1605 462951.0
1605 458863.0
1595 456934.0
1595 461230.0
1595 374780.0
1595 301954.0
1595 300918.0
1595 301931.0
1595 300735.0
1595 305174.0
1595 305019.0
1595 302763.0
1590 305050.0
1590 304621.0
1590 305363.0
1590 304204.0
1590 305869.0
1590 303590.0
1590 322535.0
1590 314855.0
1590 284278.0
1590 284390.0
1590 285366.0
1590 283814.0
1596 285890.0
1556 225800.0
1554 224242.0
1554 224002.0
1554 224680.0
1554 225320.0
1554 233482.0
1554 204879.0
1554 203496.0
1554 204904.0
1554 204040.0
1557 205982.0
1557 205812.0
1545 206123.0
1549 204835.0
1549 205250.0
1549 203875.0
1543 208066.0
1543 205551.0
1543 205521.0
1543 208795.0
1543 207531.0
1544 206621.0
1544 207324.0
1544 214437.0
1544 206448.0
1544 208014.0
1554 205571.0
1554 209291.0
1554 209088.0
1554 208474.0
1554 208834.0
1554 207305.0
1554 212309.0
1544 208556.0
1544 210960.0
1544 208768.0
1544 210589.0
1544 210013.0
1544 209221.0
1544 211244.0
1526 209829.0
1526 211847.0
1526 211408.0
1526 213081.0
1526 210205.0
1526 210414.0
1526 212773.0
1526 211906.0
1526 216274.0
1526 213338.0
1526 213455.0
1526 213826.0
1526 215261.0
1526 211236.0
1526 213327.0
1526 226842.0
1526 215526.0
1526 212287.0
1526 213041.0
1470 206233.0
1470 202065.0
1470 204613.0
1470 203441.0
1470 204617.0
1465 204390.0
1465 214514.0
1465 208869.0
1472 208103.0
1472 207266.0
1472 208270.0
1472 209742.0
1472 206418.0
1472 209007.0
1472 247212.0
1472 208278.0
1472 207868.0
1472 210285.0
1472 207075.0
1472 209569.0
1472 208291.0
1472 210975.0
1472 206712.0
1460 206889.0
1460 208761.0
1453 207785.0
1453 210158.0
1453 225963.0
1453 209738.0
1453 210593.0
1453 209778.0
1437 208657.0
1437 247186.0
1437 248806.0
1439 248772.0
1439 209326.0
1439 210860.0
1446 211333.0
1446 211441.0
1445 209753.0
1445 209347.0
1438 209873.0
1438 208451.0
1445 209478.0
1445 211501.0
1445 209247.0
1445 213031.0
1444 212046.0
1444 214371.0
1449 216239.0
1449 211400.0
1449 226547.0
1444 210737.0
1444 211237.0
1444 213360.0
1444 210947.0
1444 211277.0
1444 214500.0
1444 214310.0
1444 212261.0
1444 211840.0
1444 212572.0
1444 212872.0
1444 214944.0
1444 215618.0
1444 214533.0
1444 216009.0
1444 215977.0
1444 218901.0
1443 520546.0
1443 395113.0
1443 392158.0
1443 392285.0
1437 393603.0
1435 398607.0
1435 394845.0
1435 256829.0
1414 257381.0
1414 258009.0
1403 261550.0
1403 258719.0
1403 256711.0
1403 257722.0
1403 257123.0
1403 261524.0
1403 258211.0
1401 261005.0
1401 259400.0
1399 259343.0
1389 257975.0
1389 260074.0
1389 273138.0
1389 272312.0
1386 245305.0
1386 243497.0
1386 243225.0
1386 245227.0
1386 244232.0
1385 244607.0
1385 245935.0
1385 245573.0
1379 245188.0
1379 245415.0
1365 250117.0
1352 221825.0
1352 224055.0
1352 222578.0
1339 221836.0
1339 222582.0
1339 223125.0
1339 223630.0
1339 223453.0
1339 221840.0
1343 219670.0
1343 222539.0
1343 224684.0
1343 223599.0
1338 224517.0
1338 222759.0
1338 224148.0
1339 256519.0
1339 233039.0
1339 277252.0
1337 239262.0
1337 277050.0
1332 235441.0
1332 237637.0
1332 238840.0
1332 233148.0
1332 239960.0
1332 262612.0
1317 338888.0
1317 293157.0
1317 245176.0
1317 230511.0
1317 227983.0
1317 227203.0
1311 227556.0
1311 228361.0
1311 228828.0
1294 228392.0
1294 228520.0
1297 229063.0
1297 230520.0
1297 229499.0
1296 254819.0
1296 232715.0
1296 232700.0
1296 231034.0
1296 230589.0
1296 230343.0
1296 233735.0
1296 236772.0
1296 232076.0
1296 231498.0
1294 231375.0
1294 233889.0
1294 230947.0
1294 551228.0
1294 425932.0
1294 421936.0
1294 430955.0
1294 429591.0
1294 422423.0
1294 397255.0
1294 277718.0
1296 277891.0
1300 278014.0
1300 280531.0
1300 278393.0
1300 281913.0
1307 296372.0
1307 279797.0
1308 280269.0
1308 282520.0
1308 283784.0
1308 283868.0
1308 282682.0
1285 286693.0
1270 284145.0
1270 287239.0
1270 263585.0
1270 263525.0
1248 264075.0
1248 264040.0
1248 262783.0
1248 262821.0
1248 260543.0
1248 263635.0
1244 265527.0
1244 266048.0
1244 237800.0
1233 239519.0
1233 239026.0
1233 238433.0
1233 237622.0
1231 241769.0
1231 243271.0
1231 239499.0
1231 239200.0
1231 239500.0
1231 241487.0
1231 240052.0
1238 240847.0
1238 240847.0
1238 241051.0
1238 241226.0
1238 239732.0
1238 243085.0
1238 241740.0
1238 240735.0
1238 243910.0
1238 241753.0
1238 243261.0
1238 245174.0
1212 242210.0
1212 244281.0
1212 243809.0
1212 242798.0
1212 242767.0
1214 244958.0
1214 245729.0
1214 242358.0
1214 243882.0
1200 245212.0
1200 243229.0
1200 245244.0
1200 242666.0
1200 276013.0
1200 243097.0
1200 247343.0
1200 245856.0
1195 245530.0
1195 245348.0
1195 244680.0
1195 245527.0
1195 246116.0
1195 246137.0
1192 258789.0
1192 247057.0
1192 249100.0
1192 250610.0
1192 248386.0
1186 246302.0
1186 249609.0
1186 253266.0
1186 248462.0
1186 249069.0
1186 361453.0
1186 410986.0
1186 410163.0
1186 259082.0
1186 267162.0
1186 253319.0
1179 249886.0
1179 252976.0
1179 249567.0
1179 251795.0
1179 251495.0
1179 249882.0
1179 253920.0
1179 250416.0
1179 249902.0
1179 252655.0
1179 252996.0
1179 255224.0
1179 254339.0
1179 252480.0
1179 252602.0
1179 252086.0
1179 253117.0
1179 251911.0
1179 252467.0
1179 255479.0
1179 280751.0
1179 256712.0
1179 254473.0
1179 253112.0
1179 254906.0
1179 255555.0
1179 263327.0
1176 255714.0
1176 1195037.0
1176 256819.0
1176 257275.0
1176 253980.0
1176 250640.0
1176 284570.0
1176 307486.0
1176 295891.0
1176 258718.0
1176 258039.0
1176 259528.0
1176 255318.0
1176 258711.0
1176 257496.0
1176 254679.0
1176 257589.0
1176 256323.0
1176 259030.0
1176 255107.0
1176 264103.0
1176 254973.0
1176 257361.0
1176 258016.0
1176 260531.0
1176 261238.0
1176 259402.0
1176 263675.0
1176 257934.0
1176 260932.0
1176 258731.0
1176 258858.0
1176 258155.0
1176 260174.0
1171 259672.0
1171 264726.0
1171 484930.0
1171 475883.0
1125 376533.0
1125 236635.0
1125 239521.0
1125 236708.0
1125 236150.0
1125 235599.0
1125 235251.0
1129 237831.0
1129 235498.0
1129 238410.0
1129 238709.0
1129 238177.0
1129 239575.0
1129 239558.0
1124 238930.0
1117 236431.0
1117 239663.0
1117 240049.0
1116 222920.0
1116 221668.0
1116 221333.0
1116 227108.0
1116 223180.0
1116 226185.0
1116 221915.0
1116 223110.0
1116 221483.0
1106 222828.0
1097 223560.0
1097 219224.0
1097 202167.0
1097 202728.0
1097 203166.0
1097 201780.0
1097 200758.0
1097 203764.0
1097 201640.0
1097 203460.0
1097 202274.0
1097 202405.0
1097 203619.0
1097 203035.0
1097 203071.0
1097 204736.0
1097 206072.0
1097 204746.0
1097 205092.0
1097 202570.0
1097 202846.0
1097 205011.0
1088 205255.0
1088 210718.0
1088 207148.0
1086 204164.0
1088 205018.0
1088 206691.0
1092 204585.0
1092 206476.0
1092 205055.0
1092 206545.0
1092 205532.0
1084 206236.0
1084 205727.0
1084 206387.0
1084 207792.0
1084 207772.0
1084 208651.0
1084 208258.0
1084 207033.0
1084 237294.0
1084 210749.0
1084 242579.0
1084 238477.0
1084 231179.0
1084 206686.0
1084 207939.0
1084 209500.0
1084 207649.0
1084 209034.0
1084 208515.0
1084 208951.0
1084 209801.0
1084 209272.0
1084 208255.0
1084 208496.0
1084 208627.0
1084 208086.0
1084 210481.0
1084 209774.0
1084 208457.0
1084 208750.0
1084 220200.0
1084 211427.0
1084 210322.0
1084 210926.0
1084 208261.0
1084 211749.0
1084 212151.0
1084 209888.0
1084 258792.0
1084 217001.0
1084 213193.0
1084 211488.0
1084 211964.0
1084 212709.0
1084 214567.0
1084 212464.0
1084 212076.0
1084 214155.0
1084 213393.0
1084 213389.0
1084 214341.0
1084 214916.0
1084 215555.0
1084 212761.0
1084 214944.0
1084 215221.0
1084 214830.0
1084 214224.0
1049 197622.0
1049 199659.0
1049 196358.0
1049 199806.0
1049 197232.0
1049 197279.0
1050 196995.0
1050 197789.0
1050 208793.0
1050 198346.0
1050 230983.0
1050 368523.0
1050 362838.0
1050 366158.0
1021 361748.0
1021 370273.0
1021 363367.0
1021 305438.0
1021 236448.0
1021 237263.0
1021 238662.0
1021 238224.0
1021 240156.0
1021 240157.0
1021 238784.0
1021 241575.0
1021 239434.0
1021 242160.0
1021 241280.0
1021 240006.0
1021 242895.0
1021 240721.0
1021 248026.0
1021 239597.0
1021 221576.0
1021 223762.0
1017 222865.0
1017 225007.0
1019 223052.0
1019 224314.0
997 223464.0
997 224324.0
997 223132.0
997 223706.0
997 225971.0
997 205623.0
997 202945.0
997 202718.0
997 204258.0
997 202938.0
997 203323.0
997 203848.0
997 203858.0
997 205120.0
998 202504.0
998 204173.0
998 203621.0
