First MST181 410156.0
181 206178.0
172 146872.0
140 178301.0
139 115941.0
140 107662.0
140 87300.0
117 121695.0
117 113265.0
117 117850.0
117 87762.0
117 75390.0
100 67167.0
100 65649.0
100 177268.0
100 115002.0
100 107920.0
100 113560.0
100 109885.0
100 146927.0
100 100981.0
100 97855.0
100 113846.0
100 104327.0
100 105817.0
100 109727.0
100 99775.0
100 125490.0
80 115644.0
80 76159.0
80 113622.0
80 70941.0
80 70889.0
72 111247.0
72 93268.0
72 77572.0
72 78871.0
72 139503.0
72 88384.0
54 67645.0
54 68684.0
54 72756.0
54 67413.0
54 72568.0
54 76378.0
54 67465.0
54 77999.0
54 74617.0
54 74380.0
52 74244.0
52 84677.0
52 73801.0
52 68215.0
52 67057.0
35 64814.0
36 66727.0
36 76355.0
36 75401.0
36 78656.0
36 95372.0
36 164755.0
36 46007.0
36 66471.0
36 68938.0
36 64307.0
36 70567.0
36 65110.0
36 65924.0
36 85450.0
36 72424.0
36 76573.0
36 76630.0
36 80493.0
36 77354.0
36 76877.0
38 84652.0
38 77772.0
38 84613.0
38 101440.0
38 77276.0
38 2608834.0
36 92898.0
36 80660.0
36 78888.0
36 75653.0
38 83145.0
38 85192.0
38 84531.0
38 83275.0
38 74962.0
38 87211.0
38 86240.0
38 88812.0
38 80282.0
38 84312.0
38 81480.0
38 83035.0
38 87286.0
38 101608.0
38 86004.0
38 87465.0
38 94446.0
38 87249.0
38 88068.0
38 87881.0
38 90520.0
36 89266.0
36 86960.0
34 90322.0
34 91095.0
34 97915.0
34 91912.0
36 95596.0
36 91539.0
36 91393.0
36 96681.0
36 90731.0
36 95565.0
36 97367.0
36 105740.0
36 97792.0
36 80786.0
36 84002.0
36 86095.0
36 84935.0
36 87432.0
37 91031.0
37 84252.0
37 91567.0
37 89767.0
37 83488.0
37 85929.0
37 112438.0
37 87964.0
37 91921.0
37 87992.0
37 89959.0
37 90554.0
37 91029.0
37 296527.0
37 110641.0
37 92814.0
37 96517.0
37 252761.0
37 54086.0
37 49357.0
27 47066.0
25 48213.0
25 48787.0
25 47473.0
25 45184.0
25 50537.0
25 51673.0
25 49910.0
25 47633.0
25 46401.0
25 55296.0
25 50518.0
25 53654.0
25 51993.0
25 51566.0
25 49960.0
25 50920.0
25 45422.0
25 52209.0
25 50681.0
25 51532.0
25 52684.0
25 52531.0
25 50596.0
25 48138.0
25 53460.0
25 49930.0
25 52276.0
25 53075.0
25 60322.0
25 50604.0
27 73697.0
27 56863.0
27 52612.0
27 54930.0
27 55400.0
27 55423.0
27 55567.0
27 96246.0
27 54057.0
27 54704.0
27 52892.0
27 57462.0
27 56541.0
27 55801.0
27 57949.0
27 59145.0
27 56487.0
27 60111.0
27 57440.0
26 57592.0
26 60630.0
26 54497.0
26 55434.0
26 54901.0
26 58474.0
26 71323.0
26 65449.0
26 55218.0
26 56636.0
26 57375.0
26 57684.0
26 55763.0
26 58359.0
26 50312.0
26 59264.0
26 57900.0
26 58064.0
26 56807.0
26 59640.0
26 61735.0
26 59728.0
26 59400.0
26 57622.0
26 61034.0
27 54222.0
27 54220.0
27 54308.0
27 51784.0
27 52370.0
27 52939.0
27 52775.0
27 49562.0
27 50380.0
27 47939.0
27 46441.0
27 54142.0
27 68220.0
27 62660.0
27 66047.0
27 102118.0
27 70511.0
27 71884.0
27 112390.0
27 549139.0
27 98799.0
27 148713.0
27 55229.0
27 55634.0
27 56463.0
27 59331.0
27 59128.0
27 57190.0
27 54790.0
27 57031.0
27 57567.0
27 54317.0
27 59046.0
27 64593.0
27 62661.0
27 61935.0
27 58978.0
27 58675.0
27 60258.0
27 57939.0
27 60217.0
27 60066.0
27 60516.0
27 60969.0
27 59344.0
27 59586.0
27 62333.0
27 58294.0
27 58018.0
27 60786.0
27 58476.0
27 58731.0
27 62860.0
27 61657.0
27 62023.0
27 62128.0
25 58472.0
25 61452.0
25 60780.0
25 63914.0
25 59681.0
19 59150.0
19 57816.0
19 57379.0
19 59210.0
19 59936.0
19 63388.0
19 73065.0
19 62226.0
19 131326.0
19 58912.0
19 57269.0
19 63268.0
19 62060.0
19 61187.0
19 61929.0
19 61736.0
19 94989.0
19 55158.0
19 53727.0
19 53394.0
19 58447.0
19 54575.0
19 73247.0
19 56024.0
19 51045.0
19 54511.0
19 56207.0
18 55457.0
18 63284.0
18 56129.0
18 51873.0
18 56764.0
18 52716.0
18 50362.0
18 51967.0
18 53528.0
18 54183.0
18 101080.0
18 59208.0
18 60523.0
18 62433.0
18 62096.0
18 64500.0
18 64649.0
18 61706.0
18 62682.0
18 62926.0
18 63727.0
18 65986.0
18 59949.0
18 62440.0
18 61201.0
18 60244.0
18 67462.0
18 64769.0
18 59067.0
18 55638.0
18 55118.0
18 62081.0
18 62417.0
20 65740.0
20 61783.0
20 60154.0
20 63748.0
20 65725.0
20 65550.0
20 66308.0
20 64171.0
20 130080.0
20 62634.0
20 64246.0
20 63601.0
20 61512.0
20 63554.0
20 66693.0
20 63526.0
20 64382.0
20 61611.0
20 66535.0
20 64826.0
20 67256.0
20 65919.0
20 60404.0
20 96963.0
20 83810.0
20 66719.0
20 65184.0
20 65961.0
20 66590.0
20 65467.0
20 68168.0
20 64380.0
20 66010.0
20 68600.0
20 66857.0
20 65246.0
20 74824.0
20 67384.0
20 64706.0
20 61118.0
20 65939.0
20 74918.0
20 66029.0
20 81278.0
20 64636.0
20 64498.0
20 61375.0
20 100679.0
20 65159.0
20 64241.0
20 61018.0
20 63651.0
20 65109.0
20 65063.0
20 63992.0
20 63578.0
20 63265.0
20 61836.0
20 64768.0
20 64335.0
20 64619.0
20 62134.0
20 66787.0
20 65285.0
20 68136.0
20 57405.0
20 58495.0
20 57465.0
20 60745.0
20 60446.0
20 64193.0
20 62890.0
20 74215.0
20 63780.0
20 62856.0
20 63859.0
20 62638.0
20 61383.0
20 65305.0
20 66869.0
20 64966.0
20 56570.0
20 56907.0
20 60887.0
20 65128.0
20 63615.0
20 63585.0
20 68076.0
20 66124.0
20 66122.0
20 65317.0
20 63340.0
20 60056.0
20 65744.0
20 66240.0
20 61035.0
20 93614.0
20 66644.0
20 63061.0
20 66180.0
20 64526.0
20 65056.0
20 67088.0
20 67067.0
20 72516.0
20 63078.0
20 65530.0
20 68544.0
20 66227.0
20 68048.0
20 63849.0
20 66412.0
20 67608.0
20 73592.0
20 69046.0
20 70035.0
20 65675.0
20 66616.0
20 67860.0
20 66987.0
20 66887.0
20 70318.0
20 58347.0
20 59478.0
20 62572.0
20 67341.0
20 67383.0
20 61769.0
20 63445.0
20 67519.0
20 64804.0
20 65461.0
20 66503.0
20 66295.0
20 64734.0
20 66957.0
20 69650.0
20 67543.0
20 67918.0
20 67560.0
20 62703.0
20 67653.0
20 66819.0
20 75748.0
20 69319.0
20 67751.0
20 67523.0
20 65526.0
20 67388.0
20 67335.0
20 67111.0
20 68758.0
20 70433.0
20 68971.0
20 60052.0
19 71659.0
19 66260.0
19 64267.0
19 66856.0
19 68767.0
19 69438.0
19 69095.0
19 59879.0
19 65188.0
19 68419.0
19 69112.0
19 67917.0
19 60336.0
19 58480.0
19 57869.0
19 73306.0
19 60887.0
19 65653.0
19 65068.0
19 62944.0
19 61983.0
19 63193.0
19 66944.0
19 82735.0
19 64990.0
19 67220.0
19 66685.0
19 63811.0
19 64594.0
19 69264.0
19 70904.0
19 68243.0
19 68156.0
19 66434.0
16 138666.0
16 67049.0
16 66239.0
16 64749.0
16 64426.0
16 68162.0
16 66152.0
16 67714.0
16 68271.0
16 65425.0
16 65589.0
16 64804.0
16 61557.0
16 60982.0
16 62473.0
16 59519.0
16 61828.0
16 60864.0
16 63337.0
16 64589.0
16 65304.0
16 64676.0
16 66343.0
16 65358.0
16 64058.0
16 65174.0
16 64374.0
16 67677.0
16 65979.0
16 63830.0
16 69641.0
16 64611.0
16 68427.0
16 68417.0
16 69762.0
16 58766.0
16 63493.0
16 66532.0
16 68937.0
16 69153.0
16 60715.0
16 61574.0
16 65282.0
16 66272.0
16 69265.0
16 70600.0
16 68928.0
16 69104.0
16 69272.0
16 65215.0
16 62996.0
16 62727.0
16 60434.0
16 66443.0
16 68549.0
16 68977.0
16 68553.0
16 60552.0
16 62131.0
16 59161.0
16 58929.0
16 62161.0
16 64596.0
16 68039.0
16 68786.0
16 68341.0
16 59252.0
16 69260.0
16 67364.0
16 67307.0
16 70472.0
16 71215.0
16 68913.0
16 69296.0
14 67909.0
14 69656.0
14 68460.0
14 66900.0
14 63751.0
13 58393.0
13 66448.0
13 61408.0
13 142989.0
13 60595.0
13 64430.0
13 59592.0
13 66848.0
13 66638.0
13 69924.0
13 60741.0
13 68091.0
13 66515.0
13 65620.0
13 68908.0
13 69195.0
13 66539.0
13 69314.0
13 66767.0
13 64107.0
13 68010.0
13 66405.0
13 68484.0
13 71412.0
13 61887.0
13 63815.0
13 56992.0
13 60768.0
13 65323.0
13 64471.0
13 66696.0
13 67808.0
13 67648.0
13 69337.0
13 68680.0
13 70522.0
13 70287.0
13 69756.0
13 68092.0
13 69693.0
14 75799.0
14 71156.0
14 70491.0
14 64349.0
14 70149.0
14 71233.0
14 72320.0
14 70218.0
14 68634.0
14 70089.0
14 64160.0
14 70436.0
14 70544.0
14 70312.0
14 70608.0
14 68774.0
14 69749.0
14 72197.0
14 68409.0
14 66954.0
14 66067.0
14 72810.0
15 69618.0
15 71422.0
15 73763.0
15 71084.0
15 69573.0
15 71205.0
15 64516.0
15 65601.0
15 94703.0
15 64766.0
15 62612.0
15 66201.0
15 66125.0
15 66152.0
15 69488.0
15 70524.0
15 67632.0
15 69830.0
14 75302.0
14 75218.0
14 64118.0
14 63005.0
14 68355.0
14 2557298.0
14 82663.0
14 77337.0
14 72186.0
14 74111.0
14 75715.0
14 71323.0
14 72716.0
14 70971.0
14 74319.0
14 100475.0
14 70702.0
14 77608.0
14 75294.0
14 72948.0
14 70299.0
14 73982.0
14 76732.0
14 76336.0
14 73259.0
14 72506.0
14 75269.0
14 75349.0
14 73611.0
14 71197.0
14 71459.0
14 73975.0
14 74538.0
14 75798.0
14 73666.0
14 73590.0
14 74067.0
14 72450.0
14 70171.0
14 75319.0
14 109083.0
14 79553.0
14 73804.0
14 72673.0
14 72407.0
14 73059.0
14 74793.0
14 74258.0
14 75960.0
14 69803.0
14 70968.0
14 71108.0
14 72510.0
14 79698.0
14 74782.0
14 74269.0
14 73451.0
14 75629.0
14 72537.0
14 78225.0
14 77367.0
14 73958.0
14 72548.0
14 73185.0
14 73158.0
14 70817.0
14 72312.0
14 75792.0
14 70436.0
14 69018.0
14 67851.0
14 69378.0
15 71805.0
15 77596.0
15 75333.0
15 74229.0
15 98161.0
15 77165.0
15 74981.0
15 73967.0
15 73789.0
15 73857.0
15 73847.0
15 72768.0
15 72776.0
15 69693.0
15 76157.0
15 79162.0
15 85837.0
15 76831.0
15 69841.0
15 71623.0
15 74826.0
15 72880.0
15 71273.0
15 76747.0
15 77969.0
15 78094.0
15 77071.0
15 76458.0
15 75844.0
15 72895.0
15 76996.0
15 75170.0
15 77273.0
15 79237.0
15 73849.0
15 75271.0
15 77770.0
15 71062.0
15 71158.0
15 70556.0
15 71444.0
15 72840.0
15 72187.0
15 74239.0
15 74116.0
15 73682.0
15 75761.0
15 74555.0
15 73386.0
15 76846.0
15 81914.0
15 77290.0
15 76578.0
15 78100.0
15 75530.0
15 77371.0
15 74379.0
15 76012.0
15 74397.0
15 70115.0
15 69543.0
15 70570.0
15 73965.0
15 73964.0
15 73953.0
15 73221.0
15 76662.0
15 71879.0
15 75141.0
15 76019.0
15 72139.0
15 72297.0
15 74310.0
15 71771.0
15 75672.0
14 76005.0
14 75849.0
14 81352.0
14 73274.0
14 76175.0
14 75403.0
14 76793.0
14 76450.0
14 76006.0
14 71333.0
14 84025.0
14 73643.0
14 71527.0
14 71822.0
14 74903.0
14 75033.0
14 75078.0
14 72469.0
14 75594.0
14 71549.0
14 71922.0
14 73565.0
14 75416.0
14 77891.0
14 75054.0
14 75778.0
14 66069.0
14 70975.0
14 69740.0
14 68795.0
14 71785.0
14 75214.0
14 75247.0
14 73910.0
14 72642.0
14 71149.0
14 71444.0
14 74277.0
14 73803.0
14 75383.0
14 73792.0
14 73426.0
14 75025.0
14 73755.0
14 71999.0
14 224586.0
14 80947.0
14 72854.0
14 73007.0
14 70669.0
14 72016.0
14 73069.0
14 72801.0
14 75255.0
14 73478.0
14 76736.0
14 74427.0
14 72531.0
14 75893.0
14 73276.0
14 69830.0
14 72121.0
14 74310.0
14 74539.0
14 71044.0
14 72099.0
14 71080.0
14 70680.0
14 71444.0
14 72790.0
14 74257.0
14 71980.0
14 74410.0
14 74786.0
14 90549.0
14 79610.0
14 73636.0
14 72924.0
14 83017.0
14 144595.0
14 70766.0
14 73260.0
14 100702.0
14 74275.0
14 73063.0
14 71201.0
14 76546.0
14 74736.0
14 75361.0
14 73510.0
14 74076.0
14 74888.0
14 72662.0
14 77652.0
14 75263.0
14 73676.0
14 73687.0
14 72279.0
14 80452.0
14 89473.0
14 86429.0
14 77311.0
14 73792.0
14 74271.0
14 73232.0
14 72964.0
13 72821.0
13 73542.0
13 80322.0
13 83834.0
13 74957.0
13 76489.0
13 85686.0
13 85390.0
13 208674.0
13 87515.0
13 75609.0
13 74541.0
13 68670.0
13 75426.0
13 76146.0
13 72111.0
13 77253.0
13 74779.0
13 73745.0
13 73809.0
13 74784.0
13 73870.0
13 76523.0
13 65065.0
13 61366.0
13 61019.0
13 75091.0
13 67632.0
13 75278.0
13 78146.0
13 74271.0
13 73490.0
13 71717.0
13 74040.0
13 76889.0
13 77289.0
13 76375.0
13 76520.0
13 85277.0
13 70059.0
13 65005.0
13 74643.0
13 149117.0
13 68619.0
13 69618.0
13 67540.0
13 69838.0
13 65890.0
13 65304.0
13 67041.0
13 64503.0
13 64846.0
13 65832.0
13 62303.0
13 69860.0
13 66128.0
13 64999.0
13 65367.0
