First MST29337 1.406597E7
29333 6758334.0
29362 7627630.0
29359 6150071.0
29316 6641945.0
29292 7831052.0
29299 5566866.0
29226 4931061.0
29187 4332476.0
29226 4076622.0
29197 4139699.0
29137 4819408.0
29115 6504240.0
29131 5777163.0
29088 4343335.0
29118 4565325.0
29046 5231590.0
29085 7287114.0
28999 7937987.0
29036 4055469.0
28997 4124530.0
29036 3250770.0
28997 3295624.0
29010 2799290.0
28937 2352678.0
28976 2291034.0
28976 2291733.0
28937 2307520.0
28972 2281071.0
28933 2317853.0
28972 2285453.0
28945 2277920.0
28800 2307031.0
28856 2314470.0
28777 2289476.0
28798 2327730.0
28742 2286754.0
28710 2336864.0
28710 2296553.0
28708 2281454.0
28671 2302026.0
28638 2289814.0
28628 2290388.0
28602 2361476.0
28563 2572502.0
28563 2392162.0
28602 2323454.0
28508 2292575.0
28518 2330290.0
28557 2301590.0
28557 2293768.0
28557 2301155.0
28557 2289415.0
28503 4864338.0
28379 2569275.0
28379 2314901.0
28418 2336838.0
28391 2344035.0
28391 2304000.0
28391 2299741.0
28430 2310843.0
28430 2281075.0
28430 2282675.0
28430 2334675.0
28430 4414508.0
28391 5336119.0
28430 3083740.0
28391 2427928.0
28380 2390791.0
28419 2382296.0
28395 2338954.0
28395 2325556.0
28381 2305200.0
28376 2299156.0
28349 2289802.0
28369 2300386.0
28288 2299427.0
28288 2346305.0
28327 2313594.0
28327 2302394.0
28212 4108452.0
28212 2474226.0
28174 2364141.0
28213 2333093.0
28174 2360787.0
28147 2600634.0
28105 2300264.0
28144 2314991.0
28102 2317573.0
28074 2286282.0
28092 2293308.0
28092 2393242.0
28092 2322619.0
28092 2294210.0
28092 2403685.0
28092 2360799.0
28053 2343245.0
28088 2431609.0
28049 2363134.0
27980 2323762.0
27946 2306534.0
27933 2306396.0
27972 2300529.0
27933 2291050.0
27965 2293080.0
27915 2291243.0
27952 2870085.0
27859 3294070.0
27898 2851854.0
27898 2821617.0
27853 2847718.0
27826 2795407.0
27878 2830825.0
27847 2470873.0
27797 2480487.0
27831 2432853.0
27831 2619857.0
27831 2377209.0
27792 2385048.0
27831 2355363.0
27831 2329725.0
27831 2315146.0
27792 2369556.0
27826 2327419.0
27826 2341350.0
27787 2321236.0
27787 2313953.0
27823 2581047.0
27808 2389136.0
27750 2346765.0
27684 2327911.0
27704 2320180.0
27665 2317537.0
27691 2304202.0
27652 2451491.0
27645 2350007.0
27645 2337223.0
27642 2324972.0
27681 2376406.0
27704 3695122.0
27665 2740978.0
27665 2703133.0
27689 2483591.0
27714 2296832.0
27714 2318293.0
27675 2301446.0
27714 2303926.0
27714 2320784.0
27704 2327473.0
27665 2955850.0
27654 2724757.0
27681 2701955.0
27681 2421165.0
27680 2315694.0
27644 2707233.0
27644 2700208.0
27644 2704320.0
27639 2732946.0
27671 2752100.0
27670 2731313.0
27605 2894220.0
27605 3116423.0
27604 2854638.0
27639 2830559.0
27608 2736661.0
27549 2969104.0
27561 2777223.0
27438 2733075.0
27404 2778423.0
27443 2721289.0
27435 2767264.0
27439 2690531.0
27400 2740134.0
27439 2698361.0
27439 2718636.0
27439 2726425.0
27400 2810627.0
27431 2763032.0
27431 5346563.0
27393 2408143.0
27340 2341187.0
27340 2381232.0
27301 2346674.0
27340 2332506.0
27306 2328100.0
27301 4195908.0
27262 2771589.0
27262 2756156.0
27289 2565052.0
27281 2321951.0
27281 2337744.0
27281 2423376.0
27248 2383342.0
27281 2374522.0
27281 2373024.0
27281 2326248.0
27256 3621395.0
27256 2546343.0
27217 2372377.0
27255 2346232.0
27255 2332739.0
27255 2330952.0
27220 2386521.0
27165 2327975.0
27204 2322509.0
27133 2335266.0
27172 2324041.0
27096 2319269.0
27135 2335029.0
27119 2322131.0
27080 2453180.0
27119 2399746.0
27080 2382579.0
27119 2448683.0
27114 2383047.0
27069 2358378.0
27030 2344626.0
27062 2336411.0
27064 2358158.0
27049 2323316.0
27048 2344931.0
27048 2323338.0
27048 2320984.0
27048 2369200.0
27044 2341881.0
27041 2349550.0
27041 2363102.0
27041 2345558.0
26987 2321472.0
26970 2593463.0
26970 2634067.0
26963 2340996.0
26997 2331979.0
26984 2414876.0
26984 2342383.0
26958 2331413.0
26958 2332997.0
26859 2322241.0
26859 2316735.0
26859 2689457.0
26859 2592271.0
26797 5305891.0
26797 2535827.0
26794 2305687.0
26754 2373812.0
26666 2325014.0
26666 2397186.0
26633 2660982.0
26570 3576333.0
26540 2774694.0
26579 3039628.0
26572 3244424.0
26527 2459703.0
26527 2407857.0
26527 2417397.0
26581 2538675.0
26587 2515771.0
26534 2745029.0
26495 2477353.0
26487 2384601.0
26496 4141503.0
26436 3628667.0
26436 3925319.0
26436 2856509.0
26397 2713920.0
26399 2540348.0
26438 2344724.0
26389 2349955.0
26383 2351890.0
26383 2345592.0
26422 2354113.0
26383 2461511.0
26422 2372491.0
26422 2355736.0
26383 2364293.0
26383 2356266.0
26368 2332360.0
26332 2356804.0
26371 2355377.0
26330 2415107.0
26369 2353625.0
26330 2354032.0
26369 2361738.0
26320 2354887.0
26320 2340214.0
26359 2357576.0
26353 2336826.0
26304 2367257.0
26304 2824397.0
26343 2816299.0
26343 2595959.0
26311 3966717.0
26270 2788071.0
26270 2810984.0
26276 2592077.0
26315 2352371.0
26301 2816358.0
26262 3450726.0
26266 2802395.0
26266 2632498.0
26266 2493524.0
26266 2365202.0
26227 2340081.0
26261 2377847.0
26222 2352849.0
26261 2696484.0
26217 2789977.0
26207 2811499.0
26207 2430460.0
26246 2377528.0
26187 2768901.0
26187 4694816.0
26141 3299770.0
26180 3150096.0
26146 2817613.0
26107 2812181.0
26153 2809025.0
26104 2785237.0
26078 2873481.0
26042 3244983.0
26081 3229653.0
26042 3266506.0
26076 3291793.0
26044 3054435.0
26018 3360778.0
26018 3371144.0
25932 2860520.0
25971 2842996.0
25971 2831078.0
25945 2841446.0
25899 2810695.0
25911 3001338.0
25856 2708992.0
25873 2878267.0
25873 2769293.0
25873 2796577.0
25912 2822206.0
25873 2782562.0
25770 2823820.0
25792 2866788.0
25806 2743580.0
25715 2798214.0
25708 2890243.0
25669 3089642.0
25650 3280695.0
25629 2954133.0
25629 2827924.0
25590 2823336.0
25590 2802346.0
25629 4358156.0
25629 2845635.0
25629 2787233.0
25601 2793075.0
25593 4837973.0
25593 3538742.0
25636 2775719.0
25636 3144337.0
25636 2785542.0
25597 2877232.0
25558 2826815.0
25604 3429110.0
25615 2767385.0
25553 2749915.0
25547 2938919.0
25537 2772245.0
25490 6155229.0
25457 2460513.0
25492 2433598.0
25492 2431750.0
25476 2444852.0
25483 2423481.0
25434 2440516.0
25384 2435681.0
25416 2393032.0
25423 2874226.0
25420 3539430.0
25381 2863854.0
25381 2704061.0
25420 2498139.0
25396 2411954.0
25390 2417758.0
25390 2410591.0
25371 2441834.0
25371 2517765.0
25371 2497250.0
25424 2446324.0
25408 2438391.0
25364 2436100.0
25328 2429136.0
25364 2482829.0
25361 2425779.0
25322 2383526.0
25321 2391672.0
25321 2382962.0
25360 2383673.0
25360 2387628.0
25360 2399128.0
25360 2449440.0
25360 2420669.0
25360 3803223.0
25321 2843509.0
25321 2731277.0
25321 2563223.0
25354 2387917.0
25354 2427764.0
25354 2394714.0
25354 2386995.0
25315 2398068.0
25367 2383015.0
25348 2395121.0
25309 3895054.0
25319 2837907.0
25346 2749841.0
25307 2559492.0
25337 2398517.0
25280 2396192.0
25240 2384719.0
25266 2392066.0
25249 2424840.0
25210 2404317.0
25210 2379243.0
25249 2399918.0
25231 2404634.0
25186 2396094.0
25186 2442193.0
25225 2437078.0
25225 2411797.0
25186 2423839.0
25186 2416321.0
25178 2430416.0
25178 2399375.0
25172 2410952.0
25172 2410734.0
25090 2409470.0
25046 2446467.0
25046 2397956.0
25085 2414477.0
25077 2399892.0
25083 2396416.0
25083 2394095.0
25083 2415208.0
25083 2406046.0
25015 2367713.0
25054 2400301.0
24976 2400457.0
24929 2403579.0
24929 2389401.0
24873 2402868.0
24922 2399899.0
24942 2403099.0
24885 2434036.0
24846 2409249.0
24846 2397101.0
24885 2428166.0
24884 2409074.0
24845 2394432.0
24845 2409692.0
24884 2413862.0
24884 2414994.0
24869 2405643.0
24829 2408746.0
24805 2406847.0
24749 2402318.0
24749 2419228.0
24770 2409674.0
24731 2432048.0
24731 2351421.0
24758 2394822.0
24719 2406164.0
24739 2406513.0
24739 2407489.0
24739 2407610.0
24739 2391943.0
24686 2370237.0
24715 2374247.0
24715 2400060.0
24715 2414978.0
24715 2391382.0
24690 2468310.0
24690 2391553.0
24705 2404674.0
24666 2443042.0
24666 2412823.0
24699 2362651.0
24699 2403199.0
24616 2407746.0
24655 2394967.0
24616 2436550.0
24655 3752499.0
24578 2354842.0
24578 2343866.0
24578 2355480.0
24623 2346143.0
24584 2356289.0
24584 2356678.0
24584 2346621.0
24545 2365363.0
24547 2346985.0
24508 2360449.0
24508 2352069.0
24508 2358906.0
24538 2347886.0
24499 2348171.0
24538 2565632.0
24446 2445350.0
24492 2799425.0
24486 2801946.0
24447 2602220.0
24486 2351343.0
24419 2364736.0
24458 2353284.0
24458 2368132.0
24458 2537160.0
24404 2423829.0
24443 2353405.0
24404 2387351.0
24410 4261035.0
24410 2862868.0
24371 2770858.0
24365 2616058.0
24367 2357120.0
24404 2360339.0
24323 2354803.0
24276 2349992.0
24276 2367264.0
24315 2373333.0
24315 2357351.0
24276 2358725.0
24269 2353191.0
24308 2356444.0
24302 2349632.0
24263 2371499.0
24263 2368980.0
24280 2393293.0
24319 2361596.0
24280 2355867.0
24275 2362970.0
24228 2368974.0
24260 2354338.0
24221 2366556.0
24244 2381958.0
24197 2362756.0
24197 2363049.0
24190 2355095.0
24190 2361011.0
24197 2354512.0
24197 2352258.0
24156 2357354.0
24191 2376495.0
24174 2359047.0
24171 2363460.0
24171 2394439.0
24171 2364005.0
24163 4193371.0
24117 2831977.0
24117 2823679.0
24075 2658633.0
24075 2362903.0
24075 2372449.0
24036 2355944.0
24075 2364602.0
24049 2358038.0
24034 2364482.0
24034 2378311.0
24034 2370501.0
24031 2373031.0
24028 2375691.0
23977 2357953.0
23938 2422868.0
23938 2364686.0
23961 2362284.0
23961 2386485.0
23960 2373385.0
23918 2370113.0
23869 2366745.0
23869 2365769.0
23908 2372838.0
23892 2376672.0
23853 2379589.0
23898 2366903.0
23859 2377463.0
23898 2390506.0
23859 2368185.0
23859 2364064.0
23859 2434375.0
23859 2420260.0
23859 2373152.0
23898 2372887.0
23856 2391400.0
23856 2376695.0
23895 2373981.0
23882 2367696.0
23882 2361365.0
23888 2392737.0
23849 2376402.0
23881 2634468.0
23871 3046992.0
23868 3428851.0
23829 2827194.0
23836 2676630.0
23836 2478955.0
23836 2404922.0
23875 2393849.0
23864 2392613.0
23864 2386618.0
23829 2392906.0
23868 2382687.0
23807 2395823.0
23846 2372667.0
23835 2458119.0
23835 2381055.0
23796 2638570.0
23828 3559650.0
23828 2419459.0
23828 2399427.0
23828 2724945.0
23789 3005944.0
23788 2708743.0
23763 2717723.0
23763 3666671.0
23763 3343786.0
23724 5740651.0
23719 3427678.0
23738 2743385.0
23759 3077564.0
23699 2729951.0
23699 3102163.0
23722 2769220.0
23746 2949687.0
23731 2824330.0
23731 3271555.0
23683 3037577.0
23743 2781946.0
23722 4005420.0
23722 3023889.0
23722 3619811.0
23722 2692307.0
23676 2692249.0
23715 3537720.0
23715 2782472.0
23676 2751535.0
23713 2712695.0
23674 3409435.0
23674 2717746.0
23713 4904578.0
23708 2775007.0
23704 2801971.0
23695 2794633.0
23656 2744064.0
23656 3829027.0
23590 2760795.0
23584 4155526.0
23623 5129861.0
23590 3246574.0
23590 2810254.0
23629 4013459.0
23585 2910159.0
23624 2961378.0
23580 4631975.0
23575 3553558.0
23567 3630683.0
23603 2894234.0
23584 2776821.0
23545 4814458.0
23529 2745608.0
23568 2785267.0
23522 2877782.0
23578 2766979.0
23530 3161978.0
23491 3165734.0
23480 2958851.0
23504 2749373.0
23436 2730912.0
23443 3333084.0
23482 2745450.0
23482 4850751.0
23465 2756710.0
23459 2741268.0
23429 4888638.0
23473 2983834.0
23415 4642904.0
23455 3431334.0
23397 3158987.0
23397 5279955.0
23372 2844666.0
23372 3350958.0
23372 2765855.0
23360 2716890.0
23360 3438966.0
23267 2763626.0
23267 2751929.0
23267 3567802.0
23302 2837653.0
23302 2885767.0
23300 3168830.0
23279 2712340.0
23279 2718344.0
23267 2805719.0
23220 3090666.0
23264 2775771.0
23225 2714177.0
23276 4514642.0
23236 3230495.0
23208 3059303.0
23207 2834716.0
23196 2752533.0
23157 2966148.0
23157 2824261.0
23196 2822567.0
23196 2857406.0
23149 3242285.0
23188 2870284.0
23149 3166061.0
23188 2892859.0
23188 3598541.0
23188 2808013.0
23188 2776210.0
23173 4319800.0
23173 2931609.0
23176 2986324.0
23132 2781871.0
23132 3387663.0
23189 2856598.0
23189 2823883.0
23144 4513945.0
23153 2823928.0
23123 2772887.0
23162 2774145.0
23152 2774234.0
23113 2785293.0
23113 3810203.0
23113 4762242.0
23113 2428208.0
23113 3464088.0
23108 3115070.0
23108 2891885.0
23097 2674299.0
23096 2447490.0
23096 2420561.0
23096 2402796.0
23132 2410650.0
23093 2409592.0
23132 2412985.0
23072 2469016.0
23111 2416345.0
23072 2410082.0
23050 2414930.0
23050 2421487.0
23050 2449562.0
23050 2400418.0
23050 2424277.0
23050 2418440.0
23089 2418180.0
23086 2413760.0
23086 2415565.0
23047 2430343.0
23086 2416458.0
23079 2414553.0
23079 2404634.0
23079 2488928.0
23040 2411545.0
23087 2420791.0
23087 2420255.0
23087 2416868.0
23080 2413928.0
23080 2411900.0
23041 2447698.0
23041 2428593.0
23080 2444279.0
23042 2430937.0
23090 2418188.0
23090 2407776.0
23051 2486092.0
23090 2429113.0
23051 2501397.0
23090 2423212.0
23084 2417254.0
23084 2458823.0
23045 2421615.0
23035 2424962.0
23035 2427495.0
23035 2427401.0
23034 2441072.0
23001 2414985.0
23032 2426344.0
22993 2422974.0
23032 2419180.0
23032 2412223.0
23025 2428667.0
23025 2479432.0
23025 2415519.0
23025 2433218.0
23025 2435889.0
22986 2428236.0
22954 2413148.0
22993 2417873.0
22993 2453220.0
22993 2426362.0
22964 2423113.0
22964 2422833.0
22964 2426633.0
22964 2431874.0
22925 2437866.0
22962 2426360.0
22923 2444637.0
22962 2431556.0
22925 2436473.0
22918 2437563.0
22879 2430244.0
22908 2426420.0
22823 2410252.0
22777 2416833.0
22777 2491866.0
22777 2420282.0
22784 2434342.0
22784 2420203.0
22784 2424335.0
22790 2441026.0
22790 2434644.0
22786 2459000.0
22786 2422672.0
22760 2442108.0
22742 2421594.0
22732 2420953.0
22732 2413523.0
22732 2418761.0
22743 2426005.0
22743 2480782.0
22743 2432625.0
22699 2425578.0
22699 2432087.0
22699 2445981.0
22699 2416442.0
22590 2448759.0
22590 2433113.0
22628 2431545.0
22589 2435186.0
22628 2481119.0
22627 2459028.0
22532 2493747.0
22504 2427624.0
22465 2452139.0
22504 2423987.0
22464 2457288.0
22464 2415437.0
22445 2421965.0
22439 2486554.0
22439 2549875.0
22439 2478598.0
22439 2539069.0
22439 2460327.0
22439 2462884.0
22435 2473600.0
22435 2483315.0
22442 2486575.0
22445 4088496.0
22445 2943059.0
22445 2853120.0
22391 2636519.0
22351 2487838.0
22345 2491202.0
22337 2497332.0
22298 2447068.0
22285 2610687.0
22301 2497133.0
22301 2502856.0
22297 2504749.0
22245 2487471.0
22245 2495189.0
22217 2520680.0
22256 2499944.0
22256 2500567.0
22256 2505327.0
22217 2503195.0
22218 2499381.0
22218 2680661.0
22218 2834436.0
22218 2704136.0
22218 4534737.0
22209 3309544.0
22215 3168217.0
22188 2810020.0
22188 2739924.0
22149 2868072.0
22188 2820880.0
22188 2875060.0
22123 2637411.0
22137 2633706.0
22137 2597529.0
22137 2584496.0
22141 2567964.0
22102 2559055.0
22093 2560862.0
22093 2548824.0
22132 2583333.0
22093 2558189.0
22062 2638772.0
22068 2559561.0
22068 2479795.0
22048 2489839.0
22042 2502695.0
22042 2509208.0
22035 2556580.0
22035 2512641.0
22023 2545802.0
22023 2505527.0
22029 2515150.0
22029 2498972.0
22029 2480315.0
22029 2492011.0
22029 2509329.0
22039 2575779.0
22039 2509306.0
22024 2500021.0
22024 2515797.0
22023 2487047.0
22023 2519912.0
21979 2881616.0
21979 3692076.0
21960 2914058.0
21960 2756692.0
21960 2524457.0
21977 2489689.0
21969 2482218.0
21948 2542460.0
21948 2479865.0
21942 2570469.0
21942 2782188.0
21942 2554643.0
21942 2618958.0
21924 2523990.0
21903 2521993.0
21902 2543737.0
21895 2525520.0
21895 2514253.0
21895 2539655.0
21895 2520914.0
21888 4122196.0
21888 2959528.0
21895 2945086.0
21895 2754398.0
21895 2523076.0
21834 2534596.0
21758 2518931.0
21758 2521747.0
21722 2557245.0
21728 2503659.0
21722 2509001.0
21722 2528335.0
21722 2508153.0
21722 2515525.0
21720 2582865.0
21712 2494647.0
21712 2523760.0
21712 2498789.0
21712 2524086.0
21703 2517631.0
21715 2528001.0
21715 2523384.0
21715 2586008.0
21706 2763625.0
21706 4458730.0
21706 2459519.0
21706 2468051.0
21706 2460779.0
21639 2464337.0
21635 2502253.0
21551 2484590.0
21516 2426811.0
21516 2417729.0
21516 2432047.0
21516 2426322.0
21516 2427437.0
21516 2435879.0
21516 2431076.0
21484 2462495.0
21475 2438124.0
21475 2418314.0
21475 2421650.0
21472 2422753.0
21447 2429648.0
21447 2434507.0
21444 2415479.0
21444 2431949.0
21419 2419523.0
21419 2421563.0
21389 2485035.0
21384 2432095.0
21384 2422653.0
21384 2444675.0
21384 2716017.0
21369 2619383.0
21369 2940631.0
21369 2752819.0
21369 2573244.0
21369 2450746.0
21392 2506612.0
21392 2420560.0
21373 2442171.0
21373 2432348.0
21373 2434902.0
