First MST58581 3.5641973E7
58524 2.2262371E7
58475 1.5793438E7
58438 1.5236546E7
58438 1.3971646E7
58406 1.4521049E7
58420 1.1881562E7
58408 1.0323838E7
58408 1.4333523E7
58415 1.0281333E7
58343 1.0092793E7
58322 9751253.0
58333 7120321.0
58304 7305112.0
58304 8416691.0
58304 7368263.0
58310 7121307.0
58310 7070881.0
58269 7092316.0
58269 1.3987482E7
58269 7933970.0
58269 9152645.0
58259 8853275.0
58246 7405400.0
58240 7157134.0
58163 9321448.0
58116 7428694.0
58104 7139313.0
58060 7251264.0
58060 7446033.0
58060 9207152.0
58060 8059862.0
58072 7144313.0
58103 7265786.0
58080 7182029.0
58113 1.3524186E7
58098 8220440.0
58045 8173693.0
58002 8097143.0
57976 8037687.0
57987 8079297.0
57975 7962250.0
57963 8338677.0
57887 8025868.0
57876 8012355.0
57876 1.0701025E7
57876 8031721.0
57818 1.2275344E7
57788 7227404.0
57788 7206646.0
57780 7227140.0
57681 8377172.0
57677 7256014.0
57662 7392549.0
57653 7091597.0
57646 7204551.0
57629 7120733.0
57619 7119540.0
57605 7432410.0
57605 7180449.0
57598 7103232.0
57559 7438612.0
57516 7215675.0
57516 7231008.0
57516 7272726.0
57499 7083373.0
57499 7263956.0
57510 7177098.0
57496 8117955.0
57523 7254936.0
57522 7830824.0
57509 8459116.0
57482 7482657.0
57493 7344956.0
57479 7115573.0
57510 1.482131E7
57453 7232997.0
57442 8857093.0
57429 7239725.0
57419 7319693.0
57408 8901852.0
57399 7178956.0
57346 7244113.0
57346 7142635.0
57346 7659940.0
57319 7429583.0
57309 7317840.0
57320 7171300.0
57349 7280082.0
57287 7284828.0
57222 7206942.0
57222 7182490.0
57169 7256975.0
57169 7221979.0
57173 7391634.0
57196 7261589.0
57176 7288268.0
57141 7495173.0
57141 8426143.0
57130 7372900.0
57119 7439845.0
57028 7424688.0
57023 7414442.0
57016 7426676.0
57043 7763565.0
57055 7677503.0
57062 9814600.0
57039 8261318.0
57022 8092843.0
57003 8082486.0
57022 8055553.0
56992 7963618.0
57006 8137076.0
56986 7951729.0
56966 8125222.0
56966 7990154.0
56966 8113382.0
56955 7979642.0
56928 8043395.0
56939 8153283.0
56908 8067082.0
56908 8180391.0
56904 8090994.0
56904 8112606.0
56894 8054634.0
56904 8268611.0
56880 8183870.0
56867 8249260.0
56867 8189308.0
56760 8063033.0
56716 8449023.0
56706 8121819.0
56706 7401626.0
56713 7454191.0
56706 7385992.0
56706 8506738.0
56706 7249544.0
56713 7207185.0
56713 7221179.0
56684 9957029.0
56688 7673991.0
56688 7452909.0
56702 7583498.0
56702 7479849.0
56702 7720811.0
56702 7715302.0
56679 7478848.0
56673 9999133.0
56680 7827672.0
56679 7316953.0
56685 7225338.0
56666 7183478.0
56666 7412952.0
56666 7228567.0
56655 7191073.0
56645 7364100.0
56692 8402789.0
56666 8548091.0
56666 7414257.0
56670 7420374.0
56624 7526592.0
56613 7467097.0
56636 7194941.0
56625 7436525.0
56645 7376187.0
56614 7449111.0
56626 7458465.0
56656 7698466.0
56670 7268314.0
56624 7389989.0
56606 7484233.0
56599 7387262.0
56625 7435164.0
56632 7491692.0
56612 7525466.0
56562 7456543.0
56599 7437159.0
56568 7422372.0
56568 7462756.0
56555 8094769.0
56539 8605799.0
56559 7469199.0
56557 7411818.0
56596 8351450.0
56589 8040534.0
56530 7476465.0
56519 7451929.0
56508 7954569.0
56528 7429451.0
56450 7440759.0
56422 7524635.0
56412 7946581.0
56426 7549912.0
56406 7241033.0
56406 7227352.0
56406 7428166.0
56370 7301171.0
56370 7433121.0
56378 7562613.0
56355 7402640.0
56335 7543687.0
56289 7610384.0
56297 7462002.0
56273 7394250.0
56273 8008394.0
56218 8449878.0
56238 7300835.0
56218 7211024.0
56211 7321139.0
56182 7359090.0
56192 7217354.0
56198 7314517.0
56186 7271397.0
56206 7249569.0
56155 7268543.0
56155 7573280.0
56155 7417224.0
56155 7380440.0
56178 7437543.0
56158 7390031.0
56158 7300598.0
56158 7300011.0
56147 7347916.0
56147 7246469.0
56143 7479347.0
56135 7204786.0
56157 7265084.0
56137 8414264.0
56124 8372756.0
56144 7405537.0
56136 7249929.0
56143 7316804.0
56123 7241050.0
56102 7279160.0
56082 7376388.0
56082 7269370.0
56102 7505671.0
56008 7302215.0
56028 7272516.0
56001 7375408.0
56051 7283832.0
56057 7931293.0
56055 9066499.0
56065 7265213.0
56024 7847246.0
55984 7618678.0
55964 7597891.0
55921 8195629.0
55890 8237373.0
55820 8219430.0
55820 8426079.0
55815 8272989.0
55753 8172758.0
55753 8384367.0
55789 8305298.0
55692 8518297.0
55684 8475276.0
55684 8174192.0
55679 8291003.0
55679 8256814.0
55694 8503731.0
55614 1.1180809E7
55608 8650908.0
55601 8156862.0
55598 8238350.0
55600 8321260.0
55618 8287052.0
55564 8285706.0
55515 8205157.0
55522 8324796.0
55522 8264147.0
55522 8189182.0
55522 1.1200105E7
55454 1.1191947E7
55437 8463653.0
55423 8139726.0
55327 8237408.0
55281 8230841.0
55281 8202262.0
55232 8348876.0
55227 8372964.0
55238 8240722.0
55225 8300814.0
55225 8268754.0
55252 1.0133515E7
55241 8183240.0
55238 8297496.0
55207 8245341.0
55207 1.0525024E7
55196 8185655.0
55179 8199845.0
55140 1.0461009E7
55140 8821633.0
55129 8295095.0
55087 8314699.0
55093 8405277.0
55093 8666967.0
55082 9311524.0
55048 1.8914857E7
55038 9516143.0
55037 7370914.0
55037 7315297.0
55038 7528612.0
55047 8581981.0
55057 7364466.0
55068 7439631.0
55057 9682985.0
55033 7970372.0
55033 7310679.0
55033 7275426.0
55033 7238389.0
55043 7400158.0
55043 7608592.0
55033 7246559.0
55000 7278544.0
55000 7461589.0
54980 7260672.0
54980 7256502.0
54975 7276428.0
54975 7307539.0
54975 7421676.0
54963 7304123.0
54985 7266102.0
54962 7379615.0
54938 7515704.0
54932 7287759.0
54923 7384768.0
54926 7285685.0
54925 7379846.0
54925 9192984.0
54923 8329630.0
54924 7267188.0
54931 7250411.0
54894 9715517.0
54894 7396988.0
54894 7385561.0
54888 7303600.0
54899 7236954.0
54913 7376371.0
54902 7234769.0
54916 7342674.0
54918 7455887.0
54915 7283377.0
54915 7489974.0
54915 7311414.0
54915 7263261.0
54889 7330613.0
54887 7450387.0
54873 7337675.0
54873 7273274.0
54836 7317310.0
54836 7389562.0
54834 7273335.0
54834 7357590.0
54863 7424527.0
54859 7267590.0
54859 9750807.0
54859 7798541.0
54855 7293178.0
54826 7458348.0
54826 8258719.0
54830 7747060.0
54827 7291437.0
54827 7342780.0
54811 7343463.0
54803 7318893.0
54803 7393001.0
54803 7349351.0
54781 9258172.0
54780 8232532.0
54769 7248313.0
54760 7387482.0
54759 7300203.0
54748 8576755.0
54753 8478709.0
54775 7326811.0
54764 8999791.0
54764 8371121.0
54764 7409789.0
54757 7626044.0
54757 7304404.0
54764 9956595.0
54764 7535130.0
54764 7640197.0
54763 7466988.0
54743 7334182.0
54752 7291084.0
54739 7282933.0
54721 7386972.0
54721 7298951.0
54721 9726483.0
54721 7992060.0
54721 7288534.0
54742 7422212.0
54734 7336376.0
54711 7413534.0
54715 7322538.0
54719 7377632.0
54719 7418271.0
54703 7475727.0
54647 7326093.0
54647 7303267.0
54646 7320454.0
54610 7432572.0
54587 7318273.0
54587 7333569.0
54587 7434914.0
54574 7466671.0
54581 9535239.0
54596 7873038.0
54570 7535262.0
54565 9927674.0
54543 7445292.0
54543 7254739.0
54503 7161004.0
54489 7271564.0
54478 7261610.0
54447 7214874.0
54404 7286164.0
54418 7249014.0
54429 9476207.0
54411 7854116.0
54396 7144720.0
54407 7324313.0
54392 7225127.0
54392 7301777.0
54392 7181031.0
54392 7230750.0
54403 7287317.0
54406 7241217.0
54417 7216208.0
54408 7287590.0
54390 7248968.0
54390 7178789.0
54411 7340062.0
54418 7232832.0
54408 7220111.0
54421 7172327.0
54423 7263899.0
54393 7285970.0
54393 7174912.0
54340 7205769.0
54325 7310611.0
54325 7158169.0
54325 7923512.0
54348 7198941.0
54335 7173711.0
54290 7634092.0
54296 8606681.0
54274 7396278.0
54196 7228513.0
54196 7194092.0
54196 7176001.0
54196 9329637.0
54202 7481938.0
54165 7184219.0
54164 7336649.0
54164 7328787.0
54118 7219809.0
54129 7216902.0
54120 7199523.0
54131 7205249.0
54131 7251267.0
54131 7198302.0
54133 7197254.0
54122 7402729.0
54122 7218309.0
54109 7191678.0
54115 7315601.0
54127 7223879.0
54127 7217275.0
54126 7324599.0
54113 7206652.0
54113 7293233.0
54096 7262084.0
54103 7473650.0
54103 7336919.0
54054 7557410.0
54047 7214001.0
54051 7273775.0
54051 1.1039765E7
54007 8861776.0
54017 7371794.0
54017 8168974.0
53992 7598959.0
53971 7421351.0
53995 7337011.0
53992 7272396.0
53985 7814413.0
53941 8059645.0
53933 7291680.0
53910 7206697.0
53939 9946654.0
53939 7593350.0
53939 7230828.0
53928 7291329.0
53910 7212574.0
53904 7751048.0
53893 7790247.0
53895 7403665.0
53881 7328478.0
53903 7398261.0
53892 7217966.0
53892 7226977.0
53860 9102868.0
53862 7950466.0
53839 7889870.0
53839 7243661.0
53809 7184036.0
53806 7401698.0
53786 7316929.0
53786 7239923.0
53802 7869756.0
53802 7414974.0
53802 7266468.0
53783 7690768.0
53783 7251726.0
53801 7509935.0
53801 7848318.0
53814 7262673.0
53830 7239511.0
53819 7719018.0
53777 8216681.0
53756 8461088.0
53755 1.2231255E7
53748 9141649.0
53748 8548363.0
53736 8500538.0
53730 9505957.0
53716 9475129.0
53727 8325200.0
53709 9444447.0
53709 9254425.0
53709 8213142.0
53709 9077018.0
53709 9286160.0
53712 9404113.0
53712 9552099.0
53712 1.2482079E7
53680 8319611.0
53649 9164239.0
53697 9137498.0
53697 1.0656495E7
53681 8295071.0
53671 9028820.0
53678 8880524.0
53689 8279057.0
53606 8601001.0
53566 1.0075542E7
53566 8483200.0
53564 9519288.0
53564 9718901.0
53564 1.0840112E7
53564 9566212.0
53564 1.1766874E7
53561 8592502.0
53512 8356199.0
53478 1.0436243E7
53494 8596846.0
53484 8563123.0
53501 1.0183329E7
53501 8372438.0
53490 1.1360577E7
53490 8173543.0
53490 8258129.0
53487 1.0714166E7
53456 8302801.0
53436 8267386.0
53417 1.0126795E7
53437 8542050.0
53437 8529946.0
53426 9527663.0
53413 8283267.0
53406 9255969.0
53396 1.1175299E7
53406 8331975.0
53407 8521320.0
53381 8402803.0
53381 1.1164753E7
53315 8199425.0
53308 8389449.0
53281 1.05773E7
53281 8339308.0
53292 1.0701448E7
53288 8876571.0
53288 8215814.0
53292 8587871.0
53286 8369793.0
53286 8550394.0
53286 8495158.0
53275 1.0726204E7
53248 8576147.0
53253 8457492.0
53157 9913093.0
53148 9072614.0
53143 1.0190017E7
53133 1.2465082E7
53054 8365948.0
53043 1.0032523E7
53043 8280172.0
53043 1.0250937E7
53043 9849224.0
53054 1.1351517E7
53018 8175723.0
52963 8319453.0
52900 9189249.0
52900 1.0906199E7
52887 8207661.0
52841 8333749.0
52804 1.5987058E7
52818 8724805.0
52818 8328899.0
52838 8262762.0
52838 1.1685096E7
52818 8370471.0
52840 1.0171498E7
52840 8647766.0
52840 8209274.0
52839 1.1780821E7
52819 8220884.0
52819 8220311.0
52819 1.07813E7
52801 8413799.0
52801 9370502.0
52795 9799795.0
52795 8493193.0
52746 8745184.0
52724 1.0836561E7
52688 8386370.0
52687 1.0742501E7
52687 8334619.0
52673 1.4811828E7
52673 7478713.0
52673 7354377.0
52684 7248667.0
52696 7372420.0
52739 7322534.0
52727 7545127.0
52740 7284859.0
52740 7360697.0
52740 7366320.0
52734 7477119.0
52665 7315742.0
52655 7329064.0
52649 7271787.0
52649 7300851.0
52629 8293847.0
52629 8407850.0
52629 7375043.0
52627 7350750.0
52579 7303968.0
52575 7280027.0
52551 7277338.0
52555 7355476.0
52567 7275279.0
52571 7632176.0
52599 7409489.0
52599 7251253.0
52524 7258404.0
52527 7420995.0
52507 7264355.0
52497 7340081.0
52511 7260923.0
52511 7238098.0
52514 7470351.0
52500 7330657.0
52500 7295411.0
52496 7248280.0
52490 9538920.0
52490 8805731.0
52486 7389153.0
52392 7461806.0
52392 7402076.0
52392 7256522.0
52381 7462694.0
52389 7262890.0
52392 7442841.0
52399 8140340.0
52399 9895228.0
52401 1.0131164E7
52416 9778987.0
52422 8546138.0
52409 8613905.0
52416 8324340.0
52399 7958915.0
52379 8923054.0
52379 1.0394536E7
52378 9479743.0
52369 9293522.0
52338 8155607.0
52323 1.0488989E7
52241 1.0660935E7
52241 9859464.0
52241 9049482.0
52202 8565140.0
52184 9381369.0
52184 8316288.0
52171 1.0074318E7
52163 8982583.0
52160 7533058.0
52160 8141022.0
52119 7661888.0
52105 8699120.0
52048 7883774.0
52045 7626565.0
52051 9251292.0
52051 8420792.0
52051 8498789.0
52062 1.0407283E7
52075 7879736.0
52075 9025047.0
52063 8993285.0
52050 8810863.0
52044 1.0433322E7
52034 9939083.0
52044 8886215.0
52070 1.0058156E7
52043 1.0251451E7
52043 1.0711733E7
52066 9587978.0
52021 1.0356488E7
52012 1.0331234E7
52023 8046423.0
52023 9997541.0
52007 8628264.0
51982 7864250.0
51984 1.0073982E7
51973 1.0749943E7
51983 8300709.0
51983 9765648.0
51983 7801419.0
51960 8557948.0
51960 1.1149056E7
51934 1.0467134E7
51957 8496024.0
51884 7702106.0
51884 7934123.0
51902 8020761.0
51886 7445388.0
51890 7583989.0
51919 7293518.0
51919 7306722.0
51942 7435477.0
51942 7554157.0
51942 7462080.0
51932 7441656.0
51925 7414950.0
51925 7448976.0
51925 7954756.0
51925 7919347.0
51925 7586224.0
51925 7517086.0
51885 7979538.0
51885 7585202.0
51874 7670880.0
51885 7687907.0
51885 8911706.0
51885 8097829.0
51851 9051411.0
51851 8632652.0
51851 8556834.0
51851 9904063.0
51851 8370908.0
51794 8376214.0
51794 9879998.0
51798 7666003.0
51796 8846883.0
51740 9114459.0
51743 8367382.0
51739 8957781.0
51739 7825501.0
51764 8452104.0
51731 8642406.0
51731 8400328.0
51731 7994176.0
51727 8473606.0
51715 7690150.0
51737 7954441.0
51710 9315907.0
51697 7978976.0
51697 8689634.0
51691 8045411.0
51691 7882477.0
51704 8779889.0
51699 7665331.0
51699 7566808.0
51699 7486146.0
51696 7452309.0
51703 7626416.0
51703 1.0155789E7
51703 7754599.0
51703 7375591.0
51703 7660833.0
51703 7461151.0
51703 7420985.0
51703 7631533.0
51685 7474373.0
51685 7672787.0
51682 7396207.0
51692 7511450.0
51673 7566371.0
51637 7600990.0
51611 7371683.0
51599 7420631.0
51599 7413877.0
51599 7540162.0
51614 7682959.0
51614 7512993.0
51585 7595542.0
51564 7477581.0
51537 7797376.0
51537 7475058.0
51520 7493905.0
51520 7580497.0
51510 7511520.0
51526 7474434.0
51526 7539891.0
51526 7665791.0
51532 8046485.0
51499 1.0564506E7
51489 8006521.0
51509 7597404.0
51506 7641713.0
51502 7861605.0
51502 7608634.0
51436 7773011.0
51436 9815698.0
51436 1.1376052E7
51436 1.8765801E7
51436 1.3090939E7
51436 2.3573852E7
51436 1.7548198E7
51436 1.3991282E7
51404 3.0564301E7
51408 1.4281819E7
51399 8286069.0
51399 7562668.0
51393 7562744.0
51393 7530451.0
51347 8551626.0
51343 7597976.0
51346 1.052258E7
51346 7530084.0
51369 7426192.0
51363 7437655.0
51363 7504648.0
51363 7445478.0
51363 7785236.0
51363 8089222.0
51363 7389189.0
51354 7326862.0
51364 7406034.0
51350 7444232.0
51350 7499002.0
51350 8297848.0
51353 7494039.0
51353 1.4942797E7
51341 9347854.0
51238 8682491.0
51249 9299366.0
51217 8525590.0
51223 8611647.0
51220 7769510.0
51248 7490449.0
51262 7734691.0
51262 7521802.0
51248 7414966.0
51233 8970515.0
51233 8405221.0
51161 7415105.0
51161 7453498.0
51161 7474830.0
51161 7439557.0
51161 1.5009277E7
51116 1.0004578E7
51143 1.4418671E7
51131 1.1881905E7
51108 1.5488259E7
51108 9135414.0
51101 8442215.0
51106 1.034463E7
51128 1.0171916E7
51099 2.4335678E7
51099 1.29735208E8
51060 4.8953256E7
51060 6.56167E7
51059 7.9215809E7
51028 3.3423015E7
51028 4.9014163E7
51043 1.8720428E7
51047 3.2938141E7
51047 3.4455873E7
51027 1.12939522E8
51027 4.2336849E7
51041 1.7452679E7
51035 1.1055545E7
51027 1.7851285E7
51027 1.1189349E7
51023 9669520.0
51023 9993531.0
51023 9163137.0
51034 1.3693283E7
50986 1.0350837E7
51001 9451059.0
51001 9013394.0
51001 9106568.0
50995 1.1569318E7
50997 1.1766215E7
50947 8878151.0
50947 9467494.0
50943 9817992.0
50943 1.1429015E7
50943 8808563.0
50943 7611591.0
50928 7960391.0
50922 1.1819676E7
50922 8470774.0
50923 1.226345E7
50879 1.1252285E7
50880 9535648.0
50869 1.0226866E7
50869 1.0882915E7
50807 8863097.0
50807 9983644.0
50827 1.0388341E7
50795 1.0164684E7
50796 1.0514622E7
50807 1.0482049E7
50807 1.0468474E7
50827 1.0831479E7
50778 1.1004728E7
50741 1.0374625E7
50747 1.0673951E7
50737 1.0791865E7
50724 1.042906E7
50725 1.2548434E7
50725 1.6366706E7
50725 1.0500551E7
50725 1.0808028E7
50725 1.2440222E7
50725 1.3304427E7
50727 1.0644147E7
50648 1.0350481E7
50594 1.0168338E7
50553 1.0118185E7
50531 1.6530149E7
50528 9939856.0
50509 1.7854474E7
50509 9527571.0
50509 9756173.0
50509 9605782.0
50509 9675303.0
50467 9688999.0
50467 9882456.0
50467 9696476.0
50479 9577756.0
50438 1.0127502E7
50438 1.0715846E7
50428 8892791.0
50428 9709978.0
50379 7799538.0
50382 1.1943184E7
50402 1.0123166E7
50382 1.0837912E7
50382 1.0774104E7
50331 1.0907181E7
50314 1.1703323E7
50312 1.1148882E7
50280 1.0646998E7
50277 1.0500836E7
50274 1.042823E7
50273 1.2479547E7
50277 1.0845585E7
50290 1.1764598E7
50286 1.224492E7
50286 1.1537656E7
50286 1.2988695E7
50238 1.1902196E7
50238 1.2378063E7
50238 1.1778586E7
50205 1.0104882E7
50205 1.3694324E7
50184 1.5129732E7
50155 1.0995825E7
50157 2.1688002E7
50157 1.3334119E7
50127 1.1130915E7
50150 1.1759677E7
50130 1.1732212E7
50118 9701449.0
50118 1.1583206E7
50114 1.0160472E7
50134 1.0333553E7
50116 9717453.0
50114 1.1316777E7
50126 1.0036854E7
50126 9855582.0
50113 8998545.0
50113 9579837.0
50113 1.0039871E7
50112 1.0734231E7
