First MST14541 7440847.0
14541 5874014.0
14534 3531808.0
14534 4633975.0
14534 4425299.0
14534 4599951.0
14528 2777471.0
14493 3210442.0
14493 4072520.0
14489 3953904.0
14466 4246806.0
14474 2677153.0
14474 2650886.0
14474 2541426.0
14474 2518960.0
14453 2566440.0
14453 2143904.0
14445 2003141.0
14442 1898172.0
14423 1829291.0
14423 1745316.0
14423 1763917.0
14423 1752977.0
14423 1768454.0
14423 1722902.0
14406 1826534.0
14340 1803646.0
14340 2610727.0
14340 2358610.0
14340 1827184.0
14340 2515444.0
14340 2303411.0
14281 2953225.0
14278 2788311.0
14254 2191555.0
14244 2896832.0
14244 2555927.0
14245 3141736.0
14244 3002253.0
14244 2431870.0
14244 2700637.0
14253 2091842.0
14242 1985574.0
14200 1975851.0
14200 1731039.0
14200 1956344.0
14200 1798261.0
14200 1873853.0
14200 1773614.0
14200 1818302.0
14200 1480640.0
14147 1357961.0
14147 1333684.0
14143 1273769.0
14116 3191605.0
14116 1069077.0
14116 1245406.0
14116 1184574.0
14116 1046664.0
14116 1040065.0
14116 1050441.0
14093 1054464.0
14078 1045178.0
14033 1047405.0
14033 1051763.0
14033 1051689.0
14033 1044477.0
14033 1041858.0
14033 1056283.0
14033 1042092.0
14021 1044872.0
14021 1046776.0
14002 1045630.0
14002 1055346.0
13995 1049180.0
13995 1082229.0
13980 2082977.0
13954 2154617.0
13954 1864843.0
13954 1280823.0
13941 3119057.0
13941 1104756.0
13904 1067509.0
13881 1047996.0
13881 1050243.0
13866 1045527.0
13866 1072868.0
13866 1049729.0
13866 1056480.0
13867 1062528.0
13864 1054523.0
13796 1052395.0
13796 1048393.0
13796 1056815.0
13796 1061148.0
13780 1063626.0
13780 1055221.0
13791 1112655.0
13756 1068580.0
13756 1096225.0
13756 1048177.0
13754 1055630.0
13754 1051273.0
13754 1058797.0
13754 1061184.0
13701 1058444.0
13637 1052072.0
13637 1060430.0
13637 1052082.0
13686 1053022.0
13661 1059629.0
13660 1064361.0
13655 1057098.0
13655 1074663.0
13657 1062953.0
13635 1079601.0
13635 1065173.0
13635 1060206.0
13632 1063913.0
13626 1057260.0
13626 1114758.0
13626 1254301.0
13662 1070250.0
13662 1062952.0
13692 1063047.0
13692 1064581.0
13692 1071173.0
13692 1118829.0
13676 1111712.0
13631 1064430.0
13638 1059946.0
13633 1056024.0
13633 1058705.0
13633 1065276.0
13633 1075043.0
13633 1060623.0
13633 1059492.0
13591 1057480.0
13591 1057628.0
13584 1062277.0
13556 1057855.0
13556 1063213.0
13556 1065138.0
13556 1148203.0
13548 1063952.0
13525 1064020.0
13525 1053230.0
13532 1055772.0
13512 1091401.0
13512 1059470.0
13504 1059046.0
13505 1110465.0
13494 1058340.0
13494 1060146.0
13487 1066286.0
13487 1068472.0
13487 1069459.0
13428 1063169.0
13400 1072368.0
13362 1063965.0
13361 1068129.0
13300 1073518.0
13300 1068646.0
13297 1063675.0
13281 1067838.0
13237 1061417.0
13237 1067502.0
13237 1065722.0
13236 1082268.0
13236 1080919.0
13236 1075731.0
13236 1064885.0
13236 1074235.0
13236 1068660.0
13173 1096529.0
13173 1068431.0
13167 1067064.0
13167 1077866.0
13188 1065705.0
13188 1070562.0
13188 1065054.0
13188 1074932.0
13188 1072121.0
13194 1062885.0
13194 1081834.0
13194 2580608.0
13194 1132649.0
13194 1159735.0
13190 1099632.0
13148 1076095.0
13146 1067512.0
13146 1117773.0
13145 1081280.0
13128 1069604.0
13128 1070622.0
13128 1063994.0
13109 1110785.0
13104 1119886.0
13104 1096962.0
13100 1104488.0
13100 1116227.0
13100 1110957.0
13083 1082927.0
13075 1102864.0
13075 1078885.0
13039 1077555.0
13039 1076032.0
13039 1073463.0
13039 1087832.0
12932 1082084.0
12932 1077468.0
12932 1069030.0
12932 1113631.0
12932 1081682.0
12898 1077490.0
12898 1069712.0
12835 1088126.0
12867 1091718.0
12867 1077222.0
12867 1074197.0
12849 1078099.0
12839 1079684.0
12839 1083996.0
12839 1081199.0
12772 1085271.0
12772 1085948.0
12772 1081399.0
12772 1079003.0
12744 1091843.0
12744 1081868.0
12744 1079641.0
12744 1076473.0
12744 1080645.0
12720 1086930.0
12720 1109069.0
12703 2024331.0
12703 1845207.0
12703 1282510.0
12703 1286843.0
12703 1274604.0
12703 1326065.0
12688 1195180.0
12688 1190348.0
12688 1104741.0
12614 1071129.0
12587 1210994.0
12587 1079436.0
12536 1087398.0
12531 1084783.0
12531 1086316.0
12505 1081686.0
12505 2702372.0
12465 1107631.0
12461 1088861.0
12461 1112207.0
12420 1109881.0
12420 1144678.0
12408 1092033.0
12405 1087111.0
12397 1089080.0
12396 1083786.0
12396 1120040.0
12396 1089103.0
12396 1089011.0
12371 1089190.0
12356 1078211.0
12356 1310401.0
12356 1969633.0
12343 1491416.0
12343 1298654.0
12343 1302139.0
12343 1297726.0
12343 1231181.0
12315 1203810.0
12265 1203705.0
12265 1083517.0
12265 1097443.0
12246 1122509.0
12246 1091074.0
12233 1103895.0
12233 1089939.0
12233 1085858.0
12228 1097691.0
12228 1091590.0
12228 1089834.0
12228 1094933.0
12199 1103363.0
12179 1101176.0
12179 1090309.0
12179 1098877.0
12175 1096292.0
12127 1107050.0
12127 1089810.0
12127 1093040.0
12127 1094624.0
12127 1281348.0
12127 1189318.0
12127 1340030.0
12080 2233495.0
12080 1200526.0
12080 1126328.0
12080 1445499.0
12080 1172020.0
12018 1317431.0
12018 1988112.0
12018 1368239.0
12018 1289226.0
11961 1257670.0
11961 1277171.0
11961 1215739.0
11934 1224024.0
11934 1143456.0
11934 1167279.0
11934 1128158.0
11923 1106289.0
11923 1100638.0
11923 1101481.0
11913 1133966.0
11836 1168312.0
11830 1349109.0
11836 1311954.0
11836 1313322.0
11836 1306382.0
11780 1317780.0
11756 1303293.0
11756 1288853.0
11756 1254515.0
11722 1100905.0
11728 1148772.0
11693 1407466.0
11693 1335316.0
11693 1393253.0
11702 1369325.0
11702 1522302.0
11702 1331866.0
11702 1353254.0
11702 1317508.0
11702 1311433.0
11676 1261928.0
11676 1336456.0
11676 1279188.0
11676 1328531.0
11676 1297192.0
11678 1330009.0
11678 1282576.0
11678 1393834.0
11671 1297941.0
11671 1305568.0
11671 1284679.0
11671 1307042.0
11671 1283229.0
11604 1305589.0
11604 1282002.0
11543 1312730.0
11543 1279124.0
11520 1320231.0
11520 1272093.0
11520 1292685.0
11520 1407174.0
11516 1326574.0
11516 1306352.0
11513 1275301.0
11490 1931567.0
11519 2232134.0
11495 1540989.0
11455 1908781.0
11455 2329803.0
11455 1540527.0
11458 1514329.0
11458 1544180.0
11458 1472313.0
11458 1450432.0
11468 1362268.0
11468 1317607.0
11468 1320196.0
11468 1288538.0
11468 1318077.0
11468 1287758.0
11468 1306706.0
11468 1339225.0
11468 1325976.0
11416 3033355.0
11416 1132207.0
11403 1130361.0
11402 1134604.0
11363 1104878.0
11357 1099871.0
11358 1482341.0
11336 1238025.0
11336 1265230.0
11355 1216478.0
11330 1204570.0
11316 2019803.0
11316 1302852.0
11316 1290729.0
11316 1291531.0
11272 1318112.0
11267 1307945.0
11267 1197106.0
11267 1216832.0
11267 1169382.0
11267 1091021.0
11259 1092803.0
11265 1091243.0
11263 1135771.0
11263 1091471.0
11263 1092825.0
11263 1088013.0
11259 1121983.0
11259 1119563.0
11259 1089982.0
11197 1840072.0
11194 1989834.0
11194 1291499.0
11168 1298006.0
11132 1306000.0
11132 1310644.0
11116 1202909.0
11116 1210436.0
11116 1128347.0
11116 1099836.0
11116 1098265.0
11116 1097071.0
11086 1099531.0
11039 1101631.0
11039 1099025.0
11086 1098782.0
11086 1094299.0
11086 1112333.0
11086 1089029.0
11086 1099390.0
11039 1097362.0
11038 1089246.0
11038 1091748.0
11085 1103820.0
11085 1100124.0
11085 1094950.0
11082 1102519.0
11082 1095011.0
11055 1098416.0
11055 1096197.0
11032 1098484.0
11015 1100636.0
11015 1101115.0
11005 1214588.0
11005 1151940.0
11005 1114470.0
10967 1105975.0
10967 1127792.0
10912 1091010.0
10912 1094297.0
10912 1107730.0
10865 1099883.0
10831 1104257.0
10835 1092368.0
10831 1104215.0
10786 1104791.0
10833 1109329.0
10813 1122608.0
10813 1126332.0
10791 1105747.0
10791 1106848.0
10791 1103871.0
10791 1118758.0
10793 1097019.0
10793 1239377.0
10746 2004782.0
10681 1541513.0
10681 1317840.0
10652 1320449.0
10693 1335479.0
10693 1235623.0
10693 1226916.0
10693 1223067.0
10703 1106268.0
10656 1096323.0
10656 1111733.0
10703 1109410.0
10703 1107593.0
10703 1110336.0
10693 1112947.0
10618 1112777.0
10618 1116129.0
10628 1114430.0
10628 1769096.0
10573 2001038.0
10573 1321473.0
10573 1459322.0
10570 1319550.0
10569 1316306.0
10557 1227356.0
10549 1234347.0
10549 1134775.0
10502 1105756.0
10502 1110091.0
10502 1119240.0
10502 1106949.0
10534 1106421.0
10523 1113158.0
10523 1142370.0
10523 1117058.0
10513 1111612.0
10523 1124961.0
10523 1123738.0
10501 1110790.0
10501 1104538.0
10454 2720763.0
10501 1122236.0
10501 1113490.0
10505 1120138.0
10505 1118072.0
10498 1112144.0
10498 1188005.0
10420 1181974.0
10420 1169551.0
10420 1144014.0
10420 1129206.0
10417 1120319.0
10417 1160169.0
10417 1433145.0
10417 2050320.0
10417 1413079.0
10407 1353581.0
10393 1338507.0
10393 1358415.0
10393 1245391.0
10393 1247550.0
10393 1187852.0
10393 1120431.0
10393 1118386.0
10393 1122227.0
10393 1136538.0
10393 1131709.0
10393 1642896.0
10393 2087910.0
10389 1357040.0
10389 1328788.0
10380 1494766.0
10380 2018192.0
10368 1312674.0
10282 1606489.0
10282 1189414.0
10282 1150947.0
10272 1145631.0
10272 1142050.0
10282 1152347.0
10282 1139467.0
10279 1137319.0
10279 1131752.0
10275 2060186.0
10275 1730255.0
10275 1470776.0
10219 1497714.0
10219 1493976.0
10173 1461232.0
10173 1351343.0
10139 1310926.0
10139 1259346.0
10139 1254597.0
10139 1161898.0
10139 1132151.0
10139 1128906.0
10139 1142217.0
10139 1127395.0
10139 1136920.0
10129 1129511.0
10129 1140152.0
10113 1142535.0
10094 1136665.0
10099 1173599.0
10099 1144357.0
10099 1155078.0
10108 1151708.0
10108 1153569.0
10099 1126755.0
10099 1147402.0
10099 1145539.0
10099 1140358.0
10099 1128564.0
10099 1138937.0
10099 1146505.0
10060 1157989.0
10060 1175944.0
10060 1134779.0
10060 1144277.0
10060 1138893.0
10060 1138154.0
10060 1154461.0
10060 1145456.0
10074 1161898.0
10064 1136981.0
10054 1154988.0
10054 1140563.0
9997 1136386.0
10000 1143545.0
9964 1137915.0
9944 1161212.0
9944 1148606.0
9944 1134447.0
9942 1146836.0
9942 1147736.0
9935 1148635.0
9935 1713628.0
9924 1289461.0
9910 1302390.0
9910 1364537.0
9910 1375089.0
9900 1356950.0
9900 1348385.0
9900 1263689.0
9900 1272450.0
9900 1149048.0
9916 1150547.0
9884 1153281.0
9884 1161753.0
9884 1155768.0
9884 1140418.0
9854 1142973.0
9826 1165958.0
9826 1162726.0
9826 1146917.0
9826 2090363.0
9827 1900083.0
9827 1380886.0
9796 1371770.0
9796 3201523.0
9796 1298116.0
9784 1254550.0
9778 1150423.0
9778 1148280.0
9778 1146020.0
9773 1153314.0
9773 1144535.0
9773 1192600.0
9773 1139645.0
9740 1142492.0
9740 1157623.0
9740 1146031.0
9720 1149879.0
9720 1151015.0
9720 1146538.0
9747 1152816.0
9747 1153619.0
9745 1429850.0
9742 2098069.0
9738 1444199.0
9729 1371423.0
9739 1369998.0
9739 1706505.0
9699 2085918.0
9695 1373037.0
9689 1366757.0
9689 1376802.0
9689 1370342.0
9689 1264303.0
9689 1265220.0
9695 1183247.0
9695 1146152.0
9659 1203690.0
9650 1299724.0
9650 1156074.0
9603 1149762.0
9594 1150317.0
9594 1160302.0
9579 1170533.0
9579 1151177.0
9579 1140809.0
9579 1151274.0
9579 1159364.0
9579 1144950.0
9570 1160137.0
9562 1169916.0
9552 1533184.0
9552 2078507.0
9552 1403756.0
9552 1463871.0
9537 1380015.0
9526 1382892.0
9530 1287159.0
9532 1279734.0
9532 1184586.0
9538 1151700.0
9538 1164002.0
9535 1156336.0
9535 1154480.0
9535 1154942.0
9535 1154247.0
9489 1167631.0
9506 1158223.0
9492 1169079.0
9492 1173785.0
9492 1188126.0
9488 1168858.0
9488 1150134.0
9476 1171645.0
9472 1166341.0
9472 1152010.0
9474 1157854.0
9474 1179698.0
9449 1183459.0
9449 1178134.0
9422 1169764.0
9415 1153663.0
9415 1224716.0
9422 1464723.0
9422 1237857.0
9422 1184047.0
9422 1176204.0
9422 1165168.0
9422 1158988.0
9341 1173077.0
9341 1166558.0
9341 1166740.0
9324 1167055.0
9324 1177646.0
9324 1169175.0
9324 1162989.0
9288 1189965.0
9288 1159493.0
9288 1164901.0
9288 1164545.0
9288 1655266.0
9288 2118253.0
9288 1398488.0
9288 1391227.0
9288 1380580.0
9288 1388753.0
9288 1293031.0
9288 1291528.0
9288 1174955.0
9288 1166586.0
9287 1159067.0
9287 1195996.0
9285 1175262.0
9285 1165483.0
9282 1170489.0
9257 1188814.0
9257 1170419.0
9257 1159085.0
9257 1178846.0
9257 2032190.0
9228 1176181.0
9243 1187719.0
9243 1177315.0
9243 1175839.0
9243 1185815.0
9270 1172148.0
9270 1195255.0
9260 1170928.0
9260 1171544.0
9248 1189456.0
9230 1180620.0
9240 1176577.0
9240 1564898.0
9240 2096822.0
9240 1391373.0
9240 1402890.0
9242 1396577.0
9249 1411068.0
9249 1284431.0
9249 1298040.0
9248 1220077.0
9248 1172577.0
9248 1178478.0
9248 1184264.0
9248 1175236.0
9248 1185623.0
9248 1175811.0
9211 1164355.0
9192 2182447.0
9192 1559595.0
9192 1434283.0
9196 1404052.0
9196 1403997.0
9196 1316534.0
9196 1305975.0
9196 1177809.0
9196 1182358.0
9196 1182560.0
9171 1178095.0
9200 1186282.0
9200 1179080.0
9200 1183620.0
9200 1175680.0
9189 1175052.0
9189 1181389.0
9189 1185882.0
9179 1180227.0
9186 1184500.0
9190 1170135.0
9190 1200922.0
9190 1181661.0
9190 1178247.0
9190 1194132.0
9160 1183183.0
9160 1184322.0
9160 1182329.0
9160 1184665.0
9143 1186567.0
9143 1188825.0
9143 1180772.0
9143 1189600.0
9135 1182703.0
9126 1189350.0
9114 1192162.0
9104 1212034.0
9114 1184533.0
9114 1189878.0
9114 1190280.0
9114 1178951.0
9112 1192359.0
9112 1183229.0
9112 1188913.0
9112 1185239.0
9112 1188764.0
9088 1186850.0
9088 1220247.0
9088 1188312.0
9088 1189675.0
9088 1187869.0
9088 1182281.0
9084 1176788.0
9081 1273918.0
9052 1186809.0
9081 1196575.0
9052 1186488.0
9058 1190538.0
9058 1190906.0
9058 1201209.0
9058 1198773.0
9058 1184873.0
9058 1203094.0
9058 1191821.0
9062 1193417.0
9062 1187619.0
9047 1210094.0
9047 1188594.0
9047 1200625.0
9047 1198794.0
9027 1193478.0
9034 1193150.0
9050 1187822.0
9050 1191174.0
8987 1191644.0
8987 1187439.0
8964 1195364.0
8964 1202863.0
8964 1194715.0
8964 1252818.0
8964 1201920.0
8964 1200869.0
8964 1211413.0
8964 1194779.0
8948 1204235.0
8948 1195826.0
8939 1194727.0
8939 1193181.0
8939 1262753.0
8940 1193775.0
8940 1202934.0
8944 1188450.0
8927 1210233.0
8904 1201147.0
8904 1208090.0
8890 1220663.0
8889 1195373.0
8883 1199880.0
8883 1208451.0
8893 1202353.0
8874 1225203.0
8874 1198920.0
8874 1209549.0
8874 1209544.0
8874 1194355.0
8874 1216695.0
8874 1199364.0
8874 1195606.0
8874 1201792.0
8874 1211078.0
8874 1203591.0
8871 1222589.0
8871 1193192.0
8871 1391272.0
8860 1203959.0
8850 1203219.0
8860 1208109.0
8860 1196523.0
8827 1204751.0
8827 1214135.0
8821 1208325.0
8814 1210655.0
8820 1257016.0
8800 1198155.0
8800 1266241.0
8800 1239327.0
8800 1345583.0
8798 1332756.0
8798 1211633.0
8798 1202321.0
8798 1199160.0
8798 1214419.0
8798 1244189.0
8792 1220458.0
8762 1293729.0
8762 1218324.0
8733 1412225.0
8762 1206540.0
8762 1210848.0
8762 1214551.0
8762 1223178.0
8762 1212586.0
8772 1207475.0
8772 1219914.0
8772 1226794.0
8755 1221135.0
8738 1211992.0
8738 1219317.0
8715 1206367.0
8715 1215338.0
8725 1212177.0
8725 1222952.0
8725 1214525.0
8738 1240576.0
8738 1227807.0
8738 1301158.0
8725 1225204.0
8725 1219221.0
8725 1227968.0
8725 1213080.0
8725 1231244.0
8723 1220151.0
8722 1226961.0
8703 1224140.0
8669 1216737.0
8669 1231990.0
8669 1219831.0
8659 1215096.0
8659 1206984.0
8659 1228877.0
8659 1225019.0
8659 1245682.0
8659 1220466.0
8584 1072161.0
8533 1078417.0
8533 1084666.0
8533 1078071.0
8533 1078471.0
8533 1075774.0
8533 1081272.0
8533 1076941.0
8523 1074151.0
8515 1081783.0
8516 1082108.0
8516 1078868.0
8516 1072465.0
8516 1127526.0
8515 1075989.0
8474 2090886.0
8474 1090503.0
8474 1083146.0
8463 1087449.0
8453 1079978.0
8453 1081051.0
8453 1084372.0
8453 1081497.0
8444 1088401.0
8420 1085451.0
8420 1277478.0
8416 1076034.0
8416 1299101.0
8416 1474235.0
8381 1672142.0
8381 2139982.0
8381 1089660.0
8381 1084019.0
8371 1096621.0
8371 1106290.0
8381 1110865.0
8381 1087165.0
8379 1087656.0
8354 1083367.0
8354 1080608.0
8354 1091118.0
8340 1081393.0
8299 1079095.0
8299 1089082.0
8284 1080651.0
8279 1095995.0
8279 1076273.0
8279 1087953.0
8279 1082362.0
8279 1081765.0
8279 1094710.0
8279 1086254.0
8269 1081041.0
8279 1079828.0
8279 1086327.0
8279 1084123.0
8268 1081949.0
8268 1103323.0
8268 1084482.0
