First MST373 606218.0
355 223920.0
355 276232.0
300 256078.0
300 250635.0
282 242309.0
260 210995.0
257 185357.0
257 165440.0
255 214908.0
255 247941.0
263 182220.0
263 182954.0
263 175189.0
263 194398.0
263 146766.0
263 145207.0
263 199257.0
263 131762.0
255 158853.0
251 112338.0
251 141525.0
251 125500.0
228 129436.0
228 127867.0
195 124335.0
195 129793.0
195 141502.0
195 126507.0
195 130002.0
195 129510.0
195 139722.0
195 146065.0
195 128880.0
195 117793.0
195 146799.0
195 126446.0
186 111630.0
186 122768.0
186 111989.0
184 128116.0
175 127938.0
175 130775.0
175 123853.0
175 123604.0
175 128733.0
175 166863.0
175 140240.0
175 147970.0
175 131773.0
175 124680.0
174 118001.0
174 115213.0
174 123654.0
174 118413.0
174 118010.0
174 118846.0
144 118215.0
144 122687.0
144 85158.0
144 132041.0
144 130095.0
144 132604.0
144 143345.0
148 144352.0
148 141879.0
147 143791.0
147 166937.0
147 146995.0
147 138429.0
147 145610.0
147 152408.0
147 146820.0
147 146921.0
147 139235.0
147 145224.0
142 154386.0
142 153784.0
142 150896.0
142 153381.0
142 2737372.0
142 155646.0
142 122257.0
142 119467.0
142 113961.0
142 119743.0
142 111180.0
142 153193.0
121 119872.0
121 124705.0
119 117231.0
119 135775.0
119 126597.0
119 132216.0
119 130559.0
119 133680.0
119 119151.0
119 134635.0
123 128098.0
123 130481.0
123 133655.0
123 135864.0
123 132821.0
123 131060.0
123 128084.0
123 134535.0
123 134721.0
123 134612.0
123 135752.0
123 132170.0
123 133364.0
123 137572.0
123 138882.0
123 134587.0
123 134519.0
123 217077.0
123 133059.0
123 142815.0
123 141228.0
123 142597.0
123 135758.0
123 137439.0
123 155739.0
123 155289.0
127 152361.0
127 154331.0
127 158782.0
127 151484.0
127 158636.0
127 198466.0
127 145320.0
127 151592.0
127 151460.0
127 146964.0
127 154429.0
127 145825.0
127 158793.0
120 156630.0
120 152062.0
120 141696.0
107 207099.0
107 89799.0
107 88737.0
107 88893.0
107 92980.0
107 88766.0
107 88457.0
105 90097.0
105 91199.0
105 93403.0
105 88575.0
105 89133.0
105 111774.0
105 83933.0
92 85480.0
92 83829.0
92 83526.0
92 85814.0
92 105099.0
92 99283.0
92 95811.0
92 90114.0
92 74745.0
92 79742.0
92 99582.0
92 101398.0
92 112863.0
92 100480.0
92 217050.0
92 178223.0
92 101395.0
92 91590.0
92 98402.0
92 101670.0
92 93694.0
92 92147.0
92 88967.0
92 130637.0
92 130055.0
92 92910.0
92 95416.0
92 92642.0
92 97066.0
88 92791.0
88 92086.0
88 95095.0
81 93012.0
81 92873.0
81 89188.0
81 91583.0
85 90242.0
85 87069.0
74 91646.0
74 97854.0
74 87167.0
70 94515.0
70 94108.0
70 90683.0
67 93509.0
67 94203.0
67 97885.0
67 97732.0
67 94040.0
67 94560.0
67 92638.0
66 100729.0
66 94927.0
66 100646.0
66 98783.0
66 96239.0
66 96307.0
66 95298.0
66 96809.0
66 144556.0
66 139622.0
66 96064.0
66 117770.0
66 97270.0
66 96765.0
66 98891.0
66 92523.0
66 58013.0
66 57308.0
66 55566.0
66 58314.0
66 57130.0
63 58080.0
63 62021.0
63 61763.0
63 63574.0
63 62233.0
63 63429.0
63 64280.0
63 63381.0
63 107588.0
63 103825.0
63 100488.0
63 99894.0
63 101768.0
63 95625.0
63 92040.0
63 96347.0
62 88250.0
62 95238.0
62 94491.0
58 93929.0
56 93990.0
56 94483.0
56 107081.0
56 99767.0
56 93257.0
56 96429.0
57 90257.0
57 95280.0
57 98943.0
57 110184.0
57 109212.0
57 106146.0
57 111099.0
57 106429.0
57 126973.0
57 108781.0
53 101845.0
53 103138.0
53 96998.0
53 100993.0
53 97677.0
53 99707.0
53 92854.0
53 104968.0
53 101928.0
53 97126.0
53 102298.0
53 102657.0
53 101874.0
53 101685.0
52 109032.0
52 111204.0
52 123698.0
52 107702.0
52 110990.0
52 112870.0
52 112168.0
52 108959.0
52 109733.0
52 115421.0
52 109281.0
52 116988.0
52 116512.0
52 116201.0
52 115315.0
52 115804.0
52 108249.0
49 101306.0
49 118136.0
49 114269.0
49 116244.0
49 110865.0
49 114685.0
49 116994.0
49 115791.0
49 113932.0
49 111707.0
49 120894.0
49 112633.0
49 107327.0
49 115846.0
49 119774.0
49 116261.0
49 101974.0
49 124375.0
49 117407.0
49 119243.0
49 114196.0
49 105807.0
49 117785.0
49 119349.0
49 117309.0
49 117286.0
49 122275.0
49 121894.0
49 119638.0
49 120154.0
49 71922.0
49 69971.0
49 69299.0
49 67432.0
49 76046.0
49 71855.0
49 71425.0
49 70893.0
49 68723.0
49 70671.0
49 99443.0
49 116362.0
49 115503.0
49 114397.0
49 94021.0
49 73874.0
49 71811.0
49 69660.0
49 71756.0
49 70353.0
49 70980.0
49 123099.0
49 115690.0
49 115477.0
49 118323.0
49 114089.0
49 125710.0
49 120851.0
49 117293.0
49 116603.0
49 117643.0
49 119132.0
49 117124.0
49 112748.0
49 119900.0
49 119184.0
49 119002.0
48 121758.0
48 119498.0
48 116185.0
48 119432.0
48 124411.0
48 117995.0
48 126950.0
48 120188.0
48 119140.0
48 120069.0
48 119420.0
48 123365.0
48 122136.0
48 123755.0
48 121549.0
48 120175.0
48 119118.0
48 119344.0
48 118399.0
48 126842.0
48 123637.0
48 120160.0
48 124272.0
48 173658.0
48 134194.0
48 129249.0
48 133812.0
48 133295.0
48 134258.0
48 132063.0
48 129732.0
48 130253.0
48 139313.0
48 133235.0
48 133007.0
48 131576.0
48 130454.0
48 121650.0
48 124481.0
48 131500.0
48 133812.0
48 136632.0
48 138895.0
48 139878.0
48 136209.0
48 134603.0
48 133556.0
48 134620.0
48 137566.0
48 136269.0
48 139750.0
48 123223.0
48 122795.0
48 124964.0
48 122333.0
48 122431.0
48 134442.0
48 119213.0
48 121260.0
48 124484.0
48 121993.0
48 128706.0
48 132598.0
48 129520.0
48 204338.0
48 131654.0
48 127633.0
48 121444.0
48 135489.0
48 129056.0
48 128631.0
48 131662.0
48 128562.0
48 139055.0
48 126398.0
48 134593.0
48 126767.0
48 131239.0
48 131026.0
48 129882.0
48 131829.0
48 131341.0
48 130410.0
48 133367.0
48 133327.0
48 132735.0
48 130478.0
48 131895.0
48 135561.0
48 136117.0
48 135099.0
48 134526.0
48 142426.0
48 132357.0
48 134673.0
48 131625.0
48 141166.0
48 133644.0
48 133488.0
48 132228.0
48 135729.0
48 133831.0
48 126922.0
48 132466.0
48 144674.0
48 145569.0
48 142726.0
48 135756.0
48 145449.0
48 139964.0
48 135536.0
48 141454.0
48 136663.0
48 137207.0
48 133557.0
48 148728.0
48 139288.0
48 137175.0
48 179041.0
48 141517.0
48 140518.0
48 137454.0
48 137244.0
48 144379.0
48 137974.0
48 142212.0
48 138410.0
48 137857.0
48 138065.0
48 147316.0
48 144174.0
48 146658.0
48 150438.0
48 147420.0
48 152100.0
48 154936.0
48 149612.0
48 152214.0
48 157085.0
48 149684.0
48 154381.0
48 151520.0
48 156224.0
48 153958.0
48 156663.0
48 154248.0
47 150180.0
47 141749.0
47 147632.0
47 152717.0
47 154365.0
47 158105.0
47 169354.0
47 176840.0
47 155198.0
47 152793.0
47 156065.0
47 151270.0
47 154614.0
47 156670.0
47 159880.0
47 159205.0
47 161317.0
47 146480.0
47 162959.0
47 235343.0
47 155167.0
46 152653.0
46 157162.0
46 163427.0
46 155810.0
46 156864.0
46 162032.0
46 157792.0
46 162187.0
46 159200.0
46 157454.0
46 160683.0
46 160403.0
46 160906.0
45 160235.0
45 160599.0
45 197792.0
45 164971.0
45 163578.0
45 149017.0
45 151155.0
45 146874.0
45 162802.0
45 162247.0
45 164593.0
45 164814.0
45 162950.0
45 167795.0
45 164295.0
45 159384.0
45 145636.0
45 166647.0
45 154660.0
45 207825.0
45 151681.0
45 153079.0
45 171463.0
45 166730.0
45 165845.0
45 154524.0
45 153343.0
45 162480.0
45 165301.0
45 161266.0
45 162227.0
45 159237.0
45 158410.0
45 152015.0
45 158844.0
45 165301.0
45 292799.0
45 175977.0
45 167602.0
45 164607.0
45 165715.0
45 164144.0
45 177700.0
45 166014.0
44 159040.0
44 166324.0
44 162048.0
44 177278.0
44 161951.0
44 171339.0
44 161507.0
44 171511.0
44 164601.0
44 330896.0
44 163290.0
44 168624.0
44 163055.0
44 159308.0
44 160798.0
44 1124295.0
44 159140.0
44 159754.0
44 155918.0
44 162606.0
44 162256.0
44 158539.0
44 161747.0
44 162259.0
44 168170.0
44 305890.0
43 161899.0
43 162202.0
43 160087.0
43 160546.0
43 156509.0
42 163893.0
42 165259.0
42 159939.0
42 161195.0
42 163220.0
42 166028.0
42 162156.0
42 163398.0
42 161339.0
42 164562.0
42 324793.0
42 164594.0
42 172917.0
42 163301.0
42 154217.0
42 163428.0
42 164322.0
42 166276.0
42 161394.0
42 164710.0
42 166424.0
42 165946.0
42 165595.0
42 162193.0
42 195602.0
43 241535.0
43 178224.0
43 180857.0
43 179086.0
43 177567.0
43 170690.0
43 179154.0
43 170076.0
43 163414.0
43 174812.0
43 182188.0
43 187228.0
43 183204.0
43 177993.0
43 181278.0
43 179842.0
43 313185.0
43 168258.0
43 176954.0
43 179157.0
43 186298.0
43 183386.0
43 169502.0
43 183608.0
43 176560.0
43 189860.0
43 170394.0
43 180941.0
43 175381.0
43 166983.0
43 183979.0
43 315404.0
43 164570.0
42 166189.0
42 165111.0
42 163542.0
43 183065.0
43 175895.0
39 171131.0
39 166057.0
39 187666.0
39 183288.0
39 181693.0
39 183678.0
39 176939.0
39 182451.0
39 329684.0
39 169882.0
39 181958.0
39 187000.0
39 178845.0
39 184102.0
39 177395.0
39 177122.0
39 158803.0
39 120734.0
39 114542.0
39 111875.0
39 115852.0
39 111888.0
39 109996.0
39 111683.0
39 109606.0
39 112655.0
39 132294.0
39 120227.0
39 113143.0
39 117155.0
39 114426.0
39 107363.0
39 123900.0
39 110380.0
39 130753.0
39 141196.0
39 113023.0
39 108499.0
39 79763.0
39 80318.0
39 82792.0
39 80398.0
39 77597.0
39 73242.0
39 73554.0
39 78154.0
39 81713.0
39 77357.0
39 79426.0
39 79603.0
39 75075.0
39 76946.0
39 81411.0
39 81310.0
39 80322.0
39 82793.0
39 82076.0
41 81852.0
41 80452.0
41 83566.0
41 77869.0
41 77882.0
41 75863.0
41 79866.0
42 83839.0
42 78496.0
41 83244.0
41 84742.0
41 78765.0
39 83619.0
39 81582.0
39 80146.0
39 79554.0
39 75481.0
39 75818.0
39 76038.0
39 79024.0
39 84236.0
39 79707.0
39 78360.0
39 97684.0
39 75418.0
39 76686.0
39 73419.0
39 74725.0
39 82566.0
39 81859.0
39 79446.0
39 83004.0
39 81380.0
39 79642.0
39 75726.0
39 75993.0
39 83319.0
39 84931.0
39 83706.0
39 84157.0
39 78778.0
39 75214.0
39 82098.0
39 81275.0
39 83540.0
39 81688.0
39 81418.0
39 81288.0
39 132075.0
39 140280.0
39 137092.0
39 116104.0
39 139648.0
39 145435.0
39 124164.0
39 128546.0
39 126462.0
39 131729.0
39 130822.0
39 132360.0
39 130377.0
39 132477.0
39 128435.0
39 130852.0
39 176671.0
39 129917.0
39 136984.0
39 129764.0
39 141320.0
39 135264.0
39 128716.0
39 126196.0
39 93033.0
39 80544.0
39 79627.0
39 85251.0
39 85976.0
39 83576.0
39 81554.0
39 93861.0
39 84874.0
39 84169.0
39 89195.0
39 86640.0
39 87462.0
39 85266.0
39 83409.0
39 88180.0
39 83629.0
39 83312.0
39 119914.0
39 129803.0
39 134580.0
39 136821.0
39 134370.0
39 131301.0
39 135277.0
39 132144.0
39 136047.0
39 138243.0
39 134033.0
39 139117.0
39 136811.0
39 168907.0
39 114180.0
39 91852.0
39 87795.0
39 87179.0
39 91273.0
39 85763.0
39 85377.0
39 93332.0
39 86009.0
39 91568.0
39 95624.0
39 92261.0
39 95332.0
39 97500.0
39 94463.0
39 94249.0
39 91286.0
39 90479.0
39 87671.0
39 86019.0
39 155187.0
39 89960.0
39 86642.0
39 91452.0
39 86058.0
39 119461.0
39 93228.0
39 88262.0
39 88777.0
39 91536.0
39 88466.0
39 93081.0
39 96708.0
39 91748.0
38 91636.0
38 127060.0
38 92902.0
38 93365.0
38 89819.0
38 91674.0
38 86990.0
38 88186.0
38 91594.0
38 88197.0
38 87899.0
38 88305.0
38 106147.0
38 84424.0
38 82700.0
38 92062.0
38 94252.0
38 94313.0
38 89276.0
38 128380.0
38 132217.0
38 138648.0
38 123284.0
38 94229.0
38 94537.0
38 91193.0
38 93813.0
38 93839.0
38 97127.0
38 94090.0
38 92737.0
38 105358.0
38 99078.0
38 98127.0
39 98960.0
39 96725.0
39 125193.0
39 108958.0
39 93180.0
39 93333.0
39 88561.0
40 93757.0
40 93450.0
40 92206.0
40 89676.0
40 129637.0
40 93861.0
40 94106.0
40 95717.0
40 91358.0
40 89240.0
40 88738.0
40 94241.0
40 96495.0
40 96384.0
40 171282.0
40 140674.0
40 98024.0
40 96070.0
40 97709.0
40 97018.0
40 93700.0
40 91228.0
40 95707.0
40 128452.0
40 93293.0
40 93676.0
40 91024.0
40 90352.0
40 87940.0
40 86929.0
40 94590.0
36 94119.0
33 97212.0
30 97333.0
30 93956.0
30 95394.0
30 94958.0
30 96870.0
30 98121.0
30 96261.0
30 92709.0
30 88582.0
28 93859.0
28 95507.0
28 93774.0
28 90332.0
28 97832.0
28 97076.0
28 96691.0
28 94243.0
28 95275.0
28 128357.0
28 100283.0
29 97505.0
29 100497.0
29 94316.0
29 99398.0
29 96025.0
29 96990.0
29 94976.0
29 96599.0
29 95603.0
29 159342.0
29 156026.0
29 175808.0
29 93328.0
29 90812.0
29 94918.0
29 93239.0
29 95255.0
29 92711.0
29 102175.0
29 96146.0
29 92876.0
29 94085.0
29 99772.0
29 97860.0
29 99715.0
29 96907.0
29 97188.0
29 97477.0
29 99969.0
29 98065.0
29 93419.0
29 92893.0
29 96695.0
29 94285.0
