First MST1457 2408438.0
1457 1213007.0
1372 716216.0
1396 621009.0
1387 595894.0
1387 496568.0
1387 518113.0
1352 521195.0
1352 497024.0
1349 511127.0
1349 543825.0
1321 572092.0
1321 543969.0
1333 526551.0
1328 497486.0
1290 812623.0
1290 470563.0
1264 517934.0
1283 461236.0
1271 520960.0
1271 493565.0
1271 486154.0
1265 497830.0
1229 481986.0
1199 537669.0
1187 490105.0
1187 470482.0
1174 470162.0
1100 460491.0
1146 414623.0
1100 436446.0
1146 377526.0
1146 537594.0
1146 354134.0
1146 367878.0
1146 360742.0
1146 437738.0
1101 366291.0
1078 357967.0
1089 369921.0
1084 353138.0
1090 351615.0
1090 327998.0
1090 340835.0
1080 351075.0
1080 372047.0
1063 373791.0
1063 376898.0
1063 271933.0
995 487929.0
995 417622.0
982 328144.0
982 338527.0
976 348529.0
976 340018.0
976 341300.0
955 351698.0
955 348208.0
958 339424.0
967 397240.0
967 357507.0
967 335078.0
967 332467.0
968 348187.0
968 289760.0
968 256733.0
968 206674.0
968 207039.0
947 176788.0
947 170240.0
947 175492.0
947 174199.0
947 169764.0
947 177871.0
947 259352.0
947 243794.0
933 179384.0
928 176989.0
922 268031.0
922 179742.0
922 2054247.0
922 188472.0
922 183653.0
922 181372.0
922 178851.0
922 176298.0
922 178807.0
919 174895.0
919 180720.0
911 178255.0
911 178064.0
879 159185.0
879 156721.0
879 250948.0
879 200706.0
879 162457.0
879 250097.0
879 167928.0
879 164105.0
883 194270.0
883 157342.0
875 181420.0
875 161254.0
875 157660.0
875 151141.0
875 152854.0
867 163420.0
867 166676.0
856 169422.0
856 164272.0
856 164477.0
856 166939.0
856 167911.0
856 167299.0
855 162975.0
855 170652.0
855 166874.0
855 169072.0
855 171528.0
855 94890.0
855 94000.0
855 121808.0
855 95609.0
858 95425.0
858 94183.0
858 124817.0
858 92899.0
858 93959.0
851 95858.0
849 96310.0
849 95754.0
844 95642.0
844 95137.0
844 95918.0
844 97549.0
844 95647.0
844 96371.0
844 102032.0
844 99001.0
831 95332.0
831 94671.0
831 95247.0
831 96596.0
831 95921.0
831 120998.0
831 93490.0
831 95842.0
831 96129.0
830 97533.0
829 98897.0
797 126965.0
797 98164.0
797 96107.0
797 97395.0
797 163169.0
795 169564.0
795 164238.0
794 148704.0
794 167394.0
785 168597.0
785 192234.0
785 165654.0
779 165647.0
779 102652.0
779 101808.0
775 100791.0
773 100910.0
773 102039.0
773 102646.0
759 97821.0
738 97120.0
738 163189.0
738 103935.0
738 100797.0
738 161018.0
738 102518.0
738 100732.0
738 99815.0
738 100240.0
738 120150.0
742 98782.0
742 152752.0
742 115625.0
742 100543.0
739 100539.0
739 100904.0
739 101335.0
739 100096.0
739 124931.0
732 100946.0
732 101927.0
729 100562.0
729 98850.0
729 99421.0
729 100303.0
711 102107.0
711 100614.0
711 109084.0
711 103089.0
711 104762.0
711 99098.0
711 101373.0
704 131178.0
704 99968.0
689 102281.0
689 131284.0
689 105620.0
689 103197.0
685 102524.0
685 103574.0
685 101699.0
685 176196.0
689 178761.0
689 179910.0
689 178743.0
689 174929.0
689 180443.0
689 173742.0
689 199139.0
686 173365.0
686 173416.0
686 105290.0
686 105324.0
670 102348.0
670 103358.0
670 103638.0
670 101721.0
665 103853.0
665 101325.0
665 103024.0
665 102576.0
665 102734.0
650 109553.0
650 104622.0
650 104528.0
650 103166.0
650 101098.0
650 129684.0
650 103608.0
650 132158.0
633 105855.0
633 103908.0
633 102239.0
641 104450.0
630 167588.0
630 106690.0
625 104793.0
625 132050.0
627 105291.0
627 102792.0
627 103381.0
627 103593.0
627 132278.0
631 104321.0
631 166393.0
631 182635.0
631 180064.0
631 182814.0
631 182075.0
625 175089.0
625 185133.0
625 176672.0
625 180746.0
625 182587.0
627 170785.0
627 185898.0
627 185317.0
627 198390.0
627 181187.0
627 113967.0
627 109953.0
627 108418.0
627 107517.0
627 109360.0
627 109120.0
627 108512.0
589 107178.0
585 111149.0
585 107480.0
585 109265.0
585 108604.0
585 108580.0
585 109260.0
589 110126.0
589 133864.0
583 110892.0
567 109765.0
567 109726.0
567 109561.0
567 722230.0
559 114816.0
559 114080.0
559 111561.0
559 113851.0
559 111877.0
559 110451.0
559 112817.0
549 113115.0
549 111866.0
549 110905.0
549 112345.0
549 112994.0
549 110658.0
549 112072.0
549 111494.0
545 114523.0
558 112216.0
558 111574.0
562 115769.0
562 186748.0
565 198812.0
565 200638.0
565 192585.0
554 194737.0
554 235403.0
554 196367.0
554 195078.0
536 197014.0
536 195855.0
536 196211.0
536 195510.0
536 227153.0
527 201744.0
527 203428.0
527 193499.0
527 196984.0
527 193913.0
527 194730.0
527 195239.0
527 192359.0
527 235389.0
527 193205.0
527 198200.0
527 202097.0
527 199739.0
527 196460.0
527 203761.0
527 197124.0
527 144901.0
527 125693.0
527 116283.0
527 119879.0
527 118559.0
527 118472.0
527 118369.0
527 119022.0
527 119539.0
527 118909.0
527 119565.0
527 119916.0
527 116264.0
527 127203.0
527 119251.0
527 119076.0
527 122643.0
527 120762.0
527 147990.0
531 120561.0
531 119906.0
531 119358.0
531 122951.0
531 121400.0
531 119720.0
529 121716.0
529 121680.0
529 122906.0
529 124630.0
528 121370.0
528 120597.0
528 206928.0
528 204162.0
528 212759.0
528 210311.0
528 220903.0
528 234100.0
528 196550.0
528 203654.0
528 202719.0
528 206706.0
528 207673.0
528 213366.0
528 206086.0
528 211649.0
528 220223.0
528 218037.0
529 210960.0
530 210076.0
530 231777.0
530 213831.0
530 218058.0
530 266617.0
516 218225.0
512 207223.0
512 210470.0
512 201343.0
516 212966.0
514 211345.0
514 203531.0
514 237849.0
514 205790.0
514 186537.0
514 203230.0
514 209151.0
513 198447.0
513 205867.0
513 206424.0
509 196509.0
509 208412.0
509 201547.0
509 195795.0
509 222928.0
509 274071.0
509 203218.0
509 217366.0
504 208055.0
504 218051.0
504 129454.0
504 126049.0
504 131563.0
504 125676.0
504 152454.0
504 125896.0
500 124423.0
489 124297.0
493 123738.0
493 124360.0
493 124529.0
493 124707.0
493 124887.0
493 125381.0
493 125537.0
493 125892.0
493 181813.0
493 127979.0
493 124833.0
493 126437.0
493 126201.0
493 125247.0
493 125017.0
493 125934.0
493 129341.0
493 124345.0
493 129883.0
493 132601.0
493 127111.0
493 176236.0
493 207484.0
493 201844.0
497 201647.0
497 213105.0
497 208080.0
497 2433246.0
497 189778.0
497 135068.0
497 132785.0
497 130111.0
497 133850.0
495 131637.0
495 131087.0
495 140222.0
494 127473.0
494 125532.0
494 99114.0
494 99709.0
496 97814.0
496 99451.0
489 97622.0
489 97598.0
484 97805.0
484 98882.0
484 98094.0
484 99123.0
484 99608.0
484 98437.0
484 100473.0
484 104650.0
486 100083.0
486 100016.0
486 99795.0
486 121954.0
490 119290.0
490 100062.0
490 100060.0
486 100875.0
486 98426.0
490 100887.0
490 100167.0
490 100278.0
490 100682.0
490 100497.0
488 101727.0
488 99969.0
488 101041.0
488 101499.0
488 102697.0
488 100704.0
488 99350.0
488 103961.0
488 101321.0
488 104011.0
488 101597.0
488 103180.0
488 100111.0
488 101863.0
488 102840.0
488 103507.0
488 104362.0
488 103132.0
488 102264.0
488 103016.0
488 102549.0
488 103224.0
484 157678.0
484 154914.0
488 152053.0
488 149322.0
488 135359.0
488 105954.0
488 101865.0
488 107001.0
488 132652.0
488 103071.0
488 104425.0
488 103956.0
488 104484.0
488 103995.0
488 105570.0
490 104798.0
490 104500.0
489 105497.0
489 105940.0
489 106533.0
489 102862.0
489 105457.0
489 104661.0
487 105834.0
487 105872.0
486 125708.0
486 105160.0
486 104657.0
488 104779.0
489 105810.0
485 105926.0
479 106287.0
479 105762.0
483 106424.0
479 125309.0
479 104728.0
479 106006.0
471 104969.0
471 105755.0
471 106110.0
471 106623.0
471 106239.0
471 107508.0
471 97726.0
471 95562.0
471 100610.0
451 74644.0
451 72244.0
451 70346.0
451 70057.0
451 70826.0
447 71233.0
447 72130.0
447 86948.0
447 83637.0
447 85186.0
447 113259.0
447 84459.0
447 88878.0
447 85164.0
447 85181.0
447 84814.0
447 85138.0
452 86234.0
452 73749.0
452 71016.0
449 73830.0
442 73482.0
451 74751.0
451 73146.0
451 71354.0
451 71873.0
451 72587.0
453 74023.0
453 76785.0
451 73637.0
451 70908.0
451 73943.0
451 72872.0
451 72145.0
451 72760.0
451 73190.0
449 72028.0
428 72865.0
428 73043.0
432 74513.0
432 74583.0
431 74811.0
431 74029.0
431 73058.0
431 74401.0
431 73800.0
431 73441.0
431 75268.0
431 74681.0
431 75333.0
431 74870.0
428 75272.0
429 76068.0
429 76349.0
429 73910.0
427 75974.0
427 75858.0
427 75368.0
427 74769.0
427 75812.0
423 76843.0
425 76576.0
425 76703.0
425 82806.0
425 76660.0
425 77094.0
425 76342.0
425 76527.0
413 76835.0
413 78254.0
413 77245.0
413 78141.0
413 77630.0
413 79098.0
413 77794.0
413 76778.0
413 77726.0
413 76582.0
413 75622.0
400 77968.0
400 78100.0
400 79482.0
400 77020.0
400 76140.0
400 76716.0
400 77455.0
400 76906.0
400 77621.0
394 78726.0
393 79175.0
393 80237.0
393 78744.0
393 78517.0
388 78621.0
388 80359.0
388 80435.0
388 105218.0
388 82094.0
388 77977.0
388 77775.0
388 76067.0
388 76758.0
388 81932.0
388 80410.0
388 80052.0
388 79801.0
388 79905.0
388 80381.0
388 80193.0
388 80726.0
388 80253.0
388 80984.0
388 83665.0
388 81470.0
382 79722.0
382 80927.0
382 81229.0
382 81098.0
382 81787.0
382 81525.0
382 81288.0
375 81648.0
375 78830.0
375 78323.0
375 78838.0
375 78534.0
370 77752.0
370 79390.0
370 79245.0
370 78412.0
374 86400.0
365 79877.0
365 80835.0
365 79199.0
365 80911.0
365 79514.0
365 80216.0
363 80735.0
363 78525.0
363 80699.0
360 81433.0
360 80792.0
360 80312.0
360 80117.0
360 79388.0
360 80332.0
360 79887.0
360 78800.0
359 79882.0
359 80535.0
359 80548.0
359 80913.0
359 81383.0
359 81089.0
359 99566.0
359 81988.0
359 151945.0
359 81316.0
359 96423.0
359 78889.0
359 80332.0
359 81211.0
359 80337.0
359 81870.0
359 81231.0
359 81684.0
359 82218.0
359 81837.0
362 83066.0
362 82739.0
362 81306.0
362 82119.0
362 84069.0
362 82413.0
362 83048.0
362 84932.0
362 81431.0
362 81844.0
362 81852.0
362 81945.0
340 76748.0
340 76034.0
340 75468.0
340 75951.0
340 76365.0
340 76245.0
340 75322.0
340 74177.0
340 75912.0
340 74852.0
340 76545.0
340 76871.0
340 75782.0
340 76710.0
340 76189.0
340 76615.0
340 74941.0
340 75788.0
340 77105.0
340 76173.0
340 77567.0
340 76868.0
340 77731.0
340 77615.0
340 76318.0
340 77682.0
340 76422.0
340 75886.0
340 76558.0
340 76980.0
336 77019.0
336 77545.0
336 77900.0
336 80716.0
340 77981.0
340 77984.0
340 78535.0
340 77525.0
336 78416.0
336 77381.0
336 78044.0
337 78531.0
337 85046.0
341 78374.0
341 76098.0
341 78091.0
341 77491.0
341 77573.0
337 77330.0
337 77591.0
337 77282.0
337 77960.0
341 77343.0
341 78630.0
341 94974.0
337 96254.0
337 78367.0
337 78738.0
337 78076.0
337 77699.0
337 74618.0
337 78848.0
337 79010.0
337 78919.0
337 79496.0
337 77635.0
337 78820.0
337 77998.0
337 78471.0
337 79049.0
337 79437.0
337 78357.0
337 78962.0
337 78706.0
337 80670.0
337 79010.0
337 78757.0
336 79919.0
336 79967.0
336 77781.0
336 78955.0
336 79391.0
336 81398.0
333 80322.0
333 79597.0
333 80513.0
333 79562.0
333 79801.0
333 80685.0
333 79734.0
333 80891.0
333 80400.0
333 78772.0
333 80963.0
333 80672.0
333 80419.0
333 80024.0
333 80770.0
333 80331.0
333 79729.0
333 79991.0
333 83112.0
316 80458.0
316 79920.0
316 80870.0
315 80915.0
315 89323.0
315 82004.0
315 81377.0
315 81137.0
315 81644.0
315 81995.0
315 82788.0
315 83218.0
315 83110.0
317 82091.0
317 82062.0
317 82491.0
317 82227.0
317 82451.0
317 81868.0
317 81951.0
317 83158.0
317 82121.0
317 82652.0
317 82842.0
317 83267.0
317 82647.0
317 82575.0
317 83214.0
317 83557.0
317 83554.0
317 84088.0
317 92071.0
314 85158.0
314 86380.0
314 83148.0
310 83954.0
310 83741.0
310 86758.0
310 86710.0
308 84760.0
308 84871.0
308 85064.0
311 84116.0
311 84690.0
311 83243.0
311 83994.0
311 86001.0
311 84725.0
311 84542.0
311 83743.0
311 84829.0
308 85065.0
308 85216.0
311 84525.0
311 83666.0
311 84550.0
311 87453.0
308 84863.0
308 84978.0
308 84965.0
308 164064.0
308 157744.0
308 156101.0
308 154635.0
308 155701.0
308 157685.0
308 156024.0
308 156099.0
308 156049.0
308 157153.0
308 157855.0
308 157207.0
308 102998.0
308 100609.0
308 100808.0
308 101731.0
308 102972.0
308 102772.0
308 103000.0
308 103609.0
308 101446.0
308 99788.0
308 101700.0
308 103814.0
308 104407.0
308 102485.0
308 102856.0
308 103995.0
308 103642.0
308 102160.0
308 103384.0
308 103756.0
307 103751.0
307 105412.0
307 103165.0
307 103317.0
307 102452.0
307 103302.0
307 102826.0
307 102828.0
307 103193.0
307 103370.0
307 106609.0
307 103266.0
303 97683.0
303 96578.0
303 94974.0
303 97875.0
303 97956.0
303 96489.0
304 96393.0
304 96504.0
304 98348.0
304 96977.0
304 96688.0
304 97653.0
304 96849.0
302 98929.0
298 99297.0
298 97206.0
298 98138.0
298 99239.0
298 98353.0
298 97833.0
298 96009.0
298 88237.0
298 89291.0
298 92689.0
298 88973.0
298 89387.0
301 90400.0
301 90138.0
301 91886.0
301 89705.0
301 90863.0
301 90046.0
301 89204.0
301 90013.0
298 90627.0
298 123080.0
298 100767.0
298 91516.0
291 91091.0
291 91337.0
286 90046.0
286 90846.0
286 89687.0
286 91047.0
286 91418.0
286 90925.0
286 91133.0
288 91416.0
288 91595.0
288 90197.0
288 94252.0
288 89227.0
288 90169.0
288 90489.0
288 91472.0
291 91820.0
291 91323.0
