First MST486199 4.7544202E8
486049 4.3868585E8
486215 4.30590162E8
486133 4.27514454E8
486153 4.21028582E8
486136 4.2558106E8
486243 4.26397887E8
486194 4.27182892E8
486141 4.31961137E8
486090 4.44840269E8
486109 4.47314349E8
486034 4.52719131E8
486107 4.42446504E8
485910 4.27751717E8
486091 4.23319586E8
486013 4.28823318E8
486100 4.30938517E8
486028 4.33837206E8
486148 4.26924591E8
485993 4.22286602E8
486038 4.27730437E8
486070 4.3003087E8
485959 4.24227787E8
485966 4.14230004E8
486070 4.26950803E8
485901 4.19379091E8
485867 4.28625017E8
485949 4.18275145E8
486041 4.25694309E8
485787 4.17090976E8
486124 4.21949349E8
485891 4.19775025E8
486016 4.27695253E8
485988 4.24083648E8
485948 4.41154286E8
485950 4.77401726E8
485971 4.1851425E8
485800 4.23881401E8
486003 4.21563051E8
485923 4.24550508E8
485875 4.25984206E8
485961 4.25744463E8
485813 4.30345693E8
485719 4.25182696E8
485859 4.23038152E8
485671 4.24931146E8
485720 4.23363208E8
485672 4.56075393E8
485615 4.2128901E8
485779 4.28484931E8
485636 4.19774681E8
485452 4.24028057E8
485437 4.33570276E8
485486 4.32799378E8
485528 4.20842131E8
485459 4.2251992E8
485375 4.27132116E8
485357 4.30950566E8
485445 4.36604306E8
485417 4.21588745E8
485462 4.22292346E8
485569 4.23295739E8
485587 4.2185677E8
485461 4.33872643E8
485294 4.27182199E8
485442 4.27611469E8
485368 4.26181169E8
485456 4.15560491E8
485279 4.18654668E8
485482 4.20964305E8
485444 4.20273895E8
485415 4.2492181E8
485409 4.15007852E8
485393 4.22217187E8
485368 4.31264128E8
485409 4.31901408E8
485249 4.23930425E8
485315 4.35114972E8
485322 4.2079236E8
485459 4.24562584E8
485380 4.25949603E8
485277 4.26402679E8
485337 4.23895842E8
485173 4.24230381E8
485194 4.66977558E8
485267 4.32395971E8
485263 4.27089062E8
485138 4.19162375E8
485188 4.4087901E8
485204 4.45702399E8
485099 4.31043584E8
485225 4.20842728E8
484995 4.22617386E8
485139 4.19407797E8
485131 4.32102114E8
485121 4.41868607E8
485009 4.46475196E8
485025 4.21703159E8
485106 4.28012392E8
485012 4.30964625E8
484841 4.2395184E8
484891 4.16720984E8
484794 4.2237802E8
484805 4.33009421E8
484870 4.24824623E8
484936 4.19881607E8
484823 4.26104229E8
484724 4.19074308E8
484838 4.18781337E8
484816 4.17653756E8
484693 4.19251542E8
484884 4.19702488E8
484707 4.1532891E8
484798 4.17449093E8
484798 4.19151418E8
484666 4.35264477E8
484718 4.72231717E8
484617 4.31229911E8
484698 4.22515023E8
484798 4.21677276E8
484612 4.26907397E8
484668 4.97300419E8
484880 7.53379137E8
484823 6.49144414E8
484677 4.89613594E8
484801 5.20577259E8
484582 5.05944817E8
484837 5.0310061E8
484735 4.9639383E8
484490 5.1101194E8
484613 5.00806754E8
484559 5.05249001E8
484515 5.08325393E8
484448 5.55285303E8
484525 5.18779776E8
484482 5.14285341E8
484272 5.20726805E8
484337 5.03902979E8
484363 5.0845188E8
484497 5.07737556E8
484491 5.07953374E8
484449 5.11425425E8
484487 5.07550075E8
484504 4.97255155E8
484443 5.07370686E8
484284 5.16269796E8
484379 5.03105299E8
484574 5.09924841E8
484516 5.1308682E8
484421 5.07024809E8
484449 5.00927288E8
484442 4.99693168E8
484340 4.93998946E8
484367 4.8779132E8
484352 4.97869057E8
484239 4.98147227E8
484408 4.96202031E8
484227 5.26985218E8
484262 4.96967791E8
484240 5.02880831E8
484272 5.01904479E8
484280 4.96815298E8
484101 5.05907052E8
484163 5.05327958E8
484125 4.92153603E8
484119 4.96395319E8
484056 4.96861303E8
484100 5.02637048E8
484130 5.19913008E8
484122 5.02423196E8
484225 4.89269112E8
484253 5.08885268E8
484270 5.10863841E8
484159 4.98228176E8
484103 5.08312189E8
484058 4.76865101E8
484196 4.36194928E8
484001 4.3395601E8
484025 4.4094215E8
484059 4.85027199E8
484028 4.48217243E8
483902 4.54556372E8
484159 4.48692824E8
484053 4.44373486E8
484186 4.40025144E8
484169 4.37306813E8
484079 4.47618758E8
484164 4.40266517E8
484208 4.36079202E8
484018 4.85912569E8
484039 4.50010172E8
484135 4.45512352E8
484131 4.60934091E8
484034 4.39391197E8
483999 4.3485728E8
483898 4.31974294E8
483965 4.31732697E8
483764 4.34320766E8
483881 4.32598322E8
483793 4.27706309E8
483860 4.32701384E8
483936 4.34341842E8
483777 4.38635229E8
483757 4.39139624E8
483991 4.33892278E8
483799 4.40713052E8
483603 4.33307035E8
483829 4.34616663E8
483711 4.76262263E8
483732 4.41194644E8
483774 4.36928586E8
483629 4.39358354E8
483727 4.38724134E8
483738 4.4219695E8
483742 4.35684483E8
483651 4.4192734E8
483599 4.41279567E8
483741 4.34598178E8
483638 4.45199781E8
483586 4.44880448E8
483491 4.41288953E8
483534 4.38033011E8
483574 5.07952573E8
483452 4.88308331E8
483372 5.07359017E8
483341 7.58516659E8
483344 4.43521187E8
483356 4.4131593E8
483356 4.42897334E8
483516 4.36382023E8
483457 4.43298354E8
483249 4.36829283E8
483371 4.39467283E8
483525 4.41125733E8
483371 4.35430163E8
483421 4.63448446E8
483355 4.36974006E8
483267 4.44758211E8
483252 4.43044913E8
483209 4.38354578E8
483130 4.41837643E8
483016 4.41050924E8
483048 4.36706689E8
483021 4.41699303E8
483005 4.34082752E8
483060 4.47017359E8
482886 4.40276091E8
482855 4.44818089E8
482831 4.42281476E8
482948 4.42378845E8
482888 4.34464115E8
482692 4.4860815E8
482573 4.36170785E8
482817 4.44128694E8
482844 4.38791942E8
482624 4.74097297E8
482653 5.37171814E8
482743 5.66213742E8
482636 4.19271391E8
482782 4.29133007E8
482705 4.26488651E8
482578 4.27693624E8
482597 4.31909166E8
482652 4.23966164E8
482799 4.32352394E8
482579 4.54112606E8
482577 5.78908043E8
482495 4.91192616E8
482349 4.33770326E8
482446 6.26194075E8
482667 4.35393371E8
482607 4.46639138E8
482678 5.38953015E8
482524 4.42809918E8
482473 5.61972155E8
482517 4.39538777E8
482487 4.41839315E8
482599 4.43759648E8
482544 4.3706418E8
482480 4.37265195E8
482641 4.47506558E8
482530 4.36684705E8
482485 4.50719368E8
482411 4.39099948E8
482515 4.40243392E8
482522 4.44143222E8
482376 4.36387286E8
482536 4.43624721E8
482499 4.42800725E8
482421 4.4058157E8
482455 4.33107249E8
482241 4.35495763E8
482353 4.24076931E8
482237 4.34125789E8
482304 4.31492623E8
482410 4.47235798E8
482355 4.32601053E8
482354 4.37845641E8
482293 4.32622974E8
482340 4.34755687E8
482343 4.3617229E8
482447 4.39716973E8
482369 4.30674139E8
482247 4.41616811E8
482294 4.38191558E8
482366 4.40288115E8
482392 4.45271831E8
482266 4.45543643E8
482218 4.46673047E8
482188 4.38924569E8
482367 4.45913577E8
482448 4.43386033E8
482337 5.12680195E8
482297 5.064152E8
482299 4.86193397E8
482336 4.58615899E8
482209 4.47936094E8
482333 4.44157351E8
482206 4.40649664E8
482091 4.41770041E8
482066 4.43659995E8
482061 4.62000482E8
482148 4.60317596E8
482098 4.63275218E8
482055 4.73070903E8
482036 4.35803204E8
482143 4.40508774E8
481984 4.52987361E8
481968 4.38564563E8
481962 4.42490537E8
482046 4.54134821E8
481844 4.54300696E8
481881 4.43573212E8
481928 4.42189903E8
481963 4.45827012E8
481878 4.39266281E8
481891 4.39581275E8
481751 4.36170532E8
481892 4.36996056E8
481811 4.76231194E8
481840 4.3889151E8
481685 4.37513957E8
481773 4.44510651E8
481798 4.48744421E8
481792 4.45516839E8
481693 4.35690682E8
481770 4.35332999E8
481882 4.32559391E8
481787 5.51858433E8
481868 4.50631368E8
481776 4.51580407E8
481765 4.37361557E8
481677 4.39828888E8
481576 4.35857307E8
481540 4.85478018E8
481702 4.49903642E8
481667 4.33954591E8
481663 4.32459027E8
481705 4.36181192E8
481688 4.2733047E8
481647 4.36370471E8
481602 4.37239283E8
481694 4.40486066E8
481591 4.38400962E8
481651 4.45096817E8
481614 4.38051354E8
481728 4.42089926E8
481674 4.57602398E8
481606 4.4845356E8
481440 5.0488678E8
481683 4.47041899E8
481567 5.1115984E8
481551 4.45480911E8
481478 5.90782905E8
481626 4.46735991E8
481563 4.89586047E8
481578 4.90601259E8
481459 4.52529505E8
481643 5.20460059E8
481495 4.72963868E8
481512 4.81626433E8
481519 6.40221788E8
481650 5.67514197E8
481561 5.62786005E8
481435 1.095744694E9
481386 7.51061939E8
481496 8.87306455E8
481461 6.5727337E8
481403 5.92474108E8
481322 6.6416268E8
481381 4.98380719E8
481461 5.14108105E8
481454 6.37835098E8
481391 8.99686391E8
481445 8.82345339E8
481377 5.85751144E8
481405 6.72589277E8
481349 6.02610861E8
481307 5.98956074E8
481259 5.26682546E8
481264 6.14240202E8
481096 7.90021606E8
481202 9.69678838E8
481296 7.53450839E8
481173 1.051067702E9
481110 5.17370602E8
481212 5.19647714E8
481200 5.02935527E8
481126 6.70510131E8
481005 1.023549869E9
481028 9.36030347E8
481143 1.48389959E9
480981 5.68091283E8
481046 5.01079737E8
480832 1.418673776E9
480930 1.221065269E9
481011 1.338024229E9
480981 1.812689009E9
480835 1.014518865E9
480738 7.11282403E8
480966 5.01341499E8
480868 4.98321386E8
480860 5.05756024E8
480938 5.01297579E8
480927 4.95667896E8
480895 4.90670051E8
480883 4.91371632E8
480832 5.01024325E8
480778 5.02199143E8
480762 5.29066439E8
480794 4.93220949E8
480831 5.04537585E8
480852 4.94315131E8
480874 4.99721643E8
480700 4.94974824E8
480811 4.96647472E8
480789 4.98064733E8
480859 5.16382906E8
480669 5.08620065E8
480726 5.40196845E8
480683 4.81082867E8
480668 5.0012485E8
480546 4.72831632E8
480547 4.6293773E8
480659 4.77092143E8
480589 4.88482522E8
480449 4.8795153E8
480554 4.96809273E8
480491 5.09157481E8
480522 5.38193629E8
480625 6.6970532E8
480583 7.35955929E8
480552 6.7991572E8
480606 6.8500179E8
480408 6.48079125E8
480528 6.32417392E8
480507 5.91730069E8
480502 5.01701252E8
480451 5.0684409E8
480343 5.13238812E8
480417 5.21156908E8
480377 4.98413582E8
480512 5.07274749E8
480487 5.02222072E8
480507 5.39965653E8
480642 5.3209491E8
480579 5.00520699E8
480320 5.76508439E8
480351 8.14083809E8
480430 1.260326998E9
480333 6.81765321E8
480485 5.91691888E8
480339 5.78529302E8
480373 5.28790006E8
480470 5.88396684E8
480387 6.63014082E8
480231 6.63312451E8
480349 5.31763852E8
480157 5.53604022E8
480263 5.40680294E8
480272 5.09092318E8
480143 5.42471983E8
480149 5.27812389E8
480068 6.52894199E8
480239 5.57407201E8
480124 5.16972196E8
480151 8.52512454E8
480092 8.55862203E8
480284 6.97213084E8
479950 6.52660111E8
479954 5.396884E8
480012 5.03825545E8
480027 6.35418287E8
480017 4.93743594E8
479785 4.88812985E8
480078 4.52372022E8
479935 4.35602605E8
479794 4.36783451E8
479989 4.43504758E8
479840 4.38081773E8
479914 4.38221938E8
479753 4.39636134E8
479875 4.36811212E8
479981 4.3902512E8
479908 4.99290896E8
479872 5.50571169E8
479791 4.64517989E8
479891 4.64540609E8
479953 5.01116776E8
479854 4.96208997E8
479902 5.09217084E8
479943 5.42395099E8
479832 5.16395595E8
479832 5.42378025E8
479775 5.06550305E8
479965 4.85271564E8
479840 4.68652558E8
479722 5.39438353E8
479824 4.40625235E8
479672 4.33012228E8
479729 4.42847542E8
479737 4.35289276E8
479751 4.50406719E8
479773 7.41846566E8
479802 8.07377892E8
479876 7.84751145E8
479775 4.60383962E8
479793 5.24345997E8
479754 6.8463948E8
479726 4.88536816E8
479692 5.73115812E8
479751 4.89527686E8
479745 5.04108288E8
479719 4.48809965E8
479703 4.70064767E8
479615 5.38806953E8
479707 4.80893959E8
479640 4.66755883E8
479568 5.62491306E8
479661 4.31658976E8
479632 4.3204313E8
479529 4.43523014E8
479452 4.37616051E8
479576 4.66508424E8
479630 4.47538939E8
479508 4.6090817E8
479476 4.41647042E8
479609 4.47761835E8
479573 4.40764702E8
479594 4.43528016E8
479639 4.42255266E8
479587 4.34474436E8
479544 4.47994928E8
479538 4.35712645E8
479576 4.22519093E8
479534 4.27884316E8
479591 4.41793856E8
479591 4.37071948E8
479479 4.44252993E8
479480 4.69032757E8
479477 4.41098986E8
479454 4.36571904E8
479335 4.39694543E8
479464 5.12453252E8
479425 5.30842915E8
479519 4.74226497E8
479467 4.62052316E8
479537 5.16154256E8
479537 4.74605216E8
479365 4.79089253E8
479374 5.22502148E8
479428 4.43994577E8
479485 4.48440618E8
479469 4.40036264E8
479383 4.38051013E8
479363 4.42689999E8
479461 4.45579208E8
479514 4.41060533E8
479430 4.40650946E8
479464 4.97903645E8
479373 4.44851392E8
479426 4.40742305E8
479481 4.4212611E8
479427 4.40128527E8
479361 4.30113702E8
479460 4.45589066E8
479460 4.42087951E8
479350 4.32381348E8
479236 4.61651569E8
479283 4.5275264E8
479490 4.35978636E8
479212 4.36688433E8
479326 4.29699922E8
479201 4.2898078E8
479249 4.39532811E8
479173 4.36371913E8
479360 4.43177711E8
479248 4.36148978E8
479157 4.43923199E8
479269 4.31046565E8
479321 4.41616971E8
479297 4.43009369E8
479291 4.37356779E8
479109 5.19088128E8
479255 4.45556776E8
479279 5.19712921E8
479210 4.53843117E8
479217 6.35382677E8
479177 4.53860701E8
479163 4.89583861E8
479188 4.87726081E8
479256 4.49123796E8
479115 4.59964128E8
479141 4.73400371E8
479233 4.69745385E8
479181 5.30972592E8
479220 4.83407111E8
479220 5.17551809E8
479121 5.30553804E8
479220 5.02943619E8
479037 4.70863964E8
479304 5.71303524E8
479278 4.79081874E8
479205 4.56838483E8
479044 4.640328E8
478898 4.75621538E8
478939 4.60033846E8
478999 4.72223233E8
478957 4.76467263E8
479021 4.49016736E8
478992 5.65764237E8
479057 4.39639028E8
479091 4.46491274E8
478994 4.64090511E8
479038 4.68424733E8
478976 4.5905526E8
478967 4.69400492E8
478903 5.33093926E8
479121 5.16103947E8
479093 4.91244889E8
479028 4.74335133E8
478975 5.39543318E8
478950 4.8736845E8
478920 4.55011039E8
478959 4.58328599E8
478889 4.51313799E8
478852 4.53680746E8
478945 4.51676076E8
478880 4.58980248E8
478909 4.80929011E8
478905 5.23654453E8
478965 4.98400078E8
478941 4.72346699E8
478866 4.92784136E8
478823 4.62596363E8
478941 5.76926324E8
478848 4.57967062E8
478834 4.55593188E8
478799 5.32336996E8
478727 5.11501849E8
478553 5.82555965E8
478655 5.31111691E8
478644 4.51290256E8
478646 5.32380992E8
478466 4.76255487E8
478631 6.13006969E8
478668 9.08636371E8
478407 5.20955486E8
478421 4.6004455E8
478359 4.63821912E8
478375 1.078840465E9
478349 5.49190129E8
478372 6.24244418E8
478353 7.17421185E8
478342 4.95949829E8
478321 4.98795189E8
478198 5.0478843E8
478170 5.19281614E8
478196 5.28169991E8
478087 5.05742226E8
478205 1.050001327E9
478151 5.51293182E8
478186 5.18915148E8
478223 5.38002111E8
478221 5.19973919E8
478225 6.95487114E8
478218 4.98135286E8
478072 5.12004925E8
478221 5.07592288E8
477983 5.05375917E8
478053 5.87066361E8
477960 5.36606248E8
477887 7.12268094E8
477931 5.35156265E8
477917 5.97544247E8
477928 5.12693172E8
477968 6.12499047E8
478052 6.28785119E8
477915 1.39230758E9
477859 1.49974093E9
477878 2.135758596E9
477985 8.8432984E8
478031 5.61526301E8
477896 5.0050724E8
477915 5.41532074E8
477938 5.45259288E8
477852 6.40588857E8
478015 5.11416246E8
477785 6.17331414E8
477793 6.67164044E8
477774 6.58735095E8
477787 6.71506512E8
477752 5.57751135E8
477724 6.95263646E8
477830 5.80297544E8
477880 5.7501531E8
477851 4.97467482E8
477786 6.7075818E8
477930 5.03022323E8
477837 5.54492512E8
477709 5.48394266E8
477763 5.25620099E8
477808 6.78583682E8
477713 5.41098684E8
477718 4.64682044E8
477709 5.27656915E8
477780 5.26087569E8
477759 6.47985517E8
477741 4.85487533E8
477823 4.9519107E8
477645 5.01168541E8
477701 4.97576039E8
477626 5.03481778E8
477831 5.16008889E8
477724 5.08332917E8
477673 6.53984934E8
477615 4.99788287E8
477728 5.44819466E8
477713 6.44016662E8
477746 5.02824323E8
477724 5.04752613E8
477537 5.1188267E8
477618 5.01099804E8
477583 5.20628704E8
477572 4.98145047E8
477547 4.9685934E8
477390 4.95635653E8
477466 4.99733877E8
477608 4.95663961E8
477581 4.91519966E8
477318 4.99826492E8
477509 4.86204482E8
477569 4.88391808E8
477477 4.98409733E8
477362 5.43149974E8
477455 6.52368006E8
477445 4.92117227E8
477480 4.93059854E8
477414 5.01627382E8
477400 4.83965589E8
477433 5.03434229E8
477276 4.94815268E8
477307 4.88646606E8
477355 5.05566311E8
477296 5.01133367E8
477362 4.9066049E8
477479 4.83907061E8
477518 4.89437451E8
477564 5.26845372E8
477523 5.04510976E8
477477 5.52832951E8
477291 1.34378402E9
477366 5.16307815E8
477347 6.71840952E8
477283 4.66650245E8
477296 4.39491957E8
477307 4.42284749E8
477415 4.30477303E8
477375 4.45933218E8
477336 4.3458684E8
477445 4.39396056E8
477379 4.74246667E8
477420 5.73215207E8
477281 6.02139793E8
477273 9.23498063E8
477340 8.86468509E8
477365 8.15084055E8
477294 7.41407649E8
477383 4.51336671E8
477308 4.39410046E8
477285 4.38623192E8
477302 4.3693473E8
477428 4.38461228E8
477255 4.38483097E8
477336 4.39333398E8
477202 4.62758858E8
477180 4.35567793E8
477312 4.45023545E8
477181 4.42270001E8
477219 4.38222499E8
477255 4.65466337E8
477246 4.50202254E8
477153 4.91232061E8
477157 4.71565954E8
477208 4.6850835E8
477066 5.51907773E8
477164 4.51120888E8
477152 4.41764563E8
477176 4.45531491E8
477008 4.41105176E8
477063 4.43284978E8
477161 4.37636364E8
477083 4.39361674E8
477025 4.41132217E8
477055 4.38632906E8
477121 4.59013008E8
476994 4.37906029E8
477084 4.34938856E8
477048 4.30729877E8
476952 4.3908369E8
477004 4.35872938E8
476911 4.48016844E8
476945 4.37144647E8
477018 4.32931154E8
476892 4.33145139E8
476994 4.36985545E8
476911 4.37622892E8
476893 4.34174575E8
477044 4.37919119E8
476903 4.50678141E8
476985 4.39584137E8
476815 4.39676417E8
476843 4.3855427E8
476816 4.37602723E8
476821 4.3832452E8
476807 4.42416994E8
476744 4.34188258E8
476806 4.37723506E8
476691 4.41963051E8
476778 4.42515445E8
476673 4.38571244E8
476708 4.369321E8
476686 4.8386269E8
476630 4.47068243E8
476593 4.46133911E8
476690 4.47903708E8
476703 4.47513128E8
476703 4.33080599E8
476481 4.32996795E8
476659 4.63130254E8
476619 4.71813422E8
476535 4.30046469E8
476531 4.34831458E8
476491 4.41902118E8
476540 4.49071048E8
476559 4.37514477E8
476578 4.36373473E8
476386 4.3250979E8
476360 4.32253951E8
476583 4.72140234E8
476430 4.33461667E8
476519 4.37137372E8
476413 4.35977052E8
476376 4.46783438E8
476348 4.43630811E8
476421 4.34093285E8
476281 4.44420621E8
476311 4.40373612E8
476374 4.2995434E8
476381 4.37376709E8
476195 4.41100178E8
476194 4.42092859E8
476194 4.39478532E8
476345 4.38613138E8
476279 4.42170931E8
476161 4.40254992E8
476182 4.43129328E8
476100 4.36988617E8
476267 4.32128547E8
476147 4.41311986E8
476156 4.43614785E8
476174 4.3225569E8
476120 4.33205636E8
475995 4.39727211E8
476019 4.35672719E8
475983 4.34855845E8
476014 4.36342269E8
476010 4.39510798E8
476037 4.78016073E8
475876 4.37653157E8
475925 4.28471607E8
475927 4.28840594E8
475636 4.61556587E8
475833 4.58625527E8
475815 4.7976369E8
475978 7.79667534E8
475715 5.14970734E8
475810 4.69550287E8
475776 7.7143825E8
475537 5.30377199E8
475681 6.29512315E8
475712 5.02896848E8
475648 5.03005228E8
475584 4.9731006E8
475598 5.07205524E8
475687 5.04579373E8
475680 5.41479015E8
475558 5.04562592E8
475566 5.09007149E8
475719 6.14437741E8
475603 5.79920943E8
475676 5.22923488E8
475607 5.48979804E8
475683 5.4734274E8
475760 5.12190984E8
475702 5.0678602E8
475540 5.14104225E8
475722 1.003662108E9
475544 6.6414586E8
475453 5.48721182E8
475546 9.98603829E8
475685 7.57718522E8
475602 5.94358292E8
475637 9.38005599E8
475589 9.70014639E8
475597 9.72437817E8
475553 6.01520893E8
475577 4.94759203E8
475432 5.52048973E8
475588 1.1768903E9
475483 8.95595492E8
475607 9.23909555E8
475531 6.24065297E8
475514 5.10481448E8
475657 4.9830266E8
475456 5.22581902E8
475540 5.0973045E8
475647 4.88940448E8
475517 5.05755606E8
475702 5.01296196E8
475634 5.45950394E8
475512 5.98398532E8
475484 5.92683079E8
475701 5.19209728E8
475621 5.03517379E8
475661 6.91086018E8
475547 6.47110829E8
475537 5.95693804E8
475501 1.070627447E9
475427 1.404565594E9
475707 1.234130786E9
475525 2.09084088E9
475464 1.634284237E9
475432 5.1844874E8
475435 5.27473817E8
475419 5.18429288E8
475381 5.9734932E8
475290 8.2763578E8
475279 4.95740426E8
475180 7.17302138E8
475206 5.30164353E8
475266 6.73656795E8
475297 5.05740572E8
475292 5.79608785E8
475359 5.29907169E8
475282 8.01222953E8
475211 4.98255426E8
475099 9.56577932E8
475231 7.03211569E8
475258 6.12077508E8
475141 7.06969385E8
475177 5.71237773E8
475175 6.96392744E8
475264 5.5815393E8
475140 5.21488092E8
475193 6.32606927E8
475112 4.99751363E8
475025 5.04227334E8
475102 4.96287046E8
475137 4.96230441E8
474996 4.96240504E8
474945 4.93825701E8
475092 4.95752354E8
475097 5.08688789E8
474941 5.35104337E8
474935 5.68956215E8
474862 5.55266582E8
474791 4.94797451E8
474967 5.01886117E8
474823 4.97344964E8
474785 4.99050681E8
474924 4.97943266E8
474878 5.76347428E8
474785 1.022116018E9
474773 7.08780644E8
474790 9.30930098E8
474798 6.04810426E8
474821 6.7656875E8
474727 5.15140131E8
474827 5.10581517E8
474803 5.06736929E8
