First MST834 936650.0
834 537297.0
815 580194.0
755 672398.0
755 399670.0
742 195271.0
733 198412.0
727 358655.0
727 304766.0
725 329091.0
725 331240.0
695 257500.0
695 231102.0
686 255787.0
686 261920.0
694 291489.0
694 262557.0
694 254839.0
694 323828.0
674 257956.0
674 253897.0
674 257742.0
674 270267.0
674 246515.0
674 247977.0
655 247567.0
655 241337.0
655 278554.0
593 231658.0
587 206043.0
587 201599.0
587 201884.0
587 206108.0
585 208759.0
585 195090.0
585 207236.0
585 215836.0
569 214731.0
569 241491.0
569 202761.0
536 176228.0
536 189143.0
536 180641.0
536 175049.0
527 389660.0
527 168843.0
527 170407.0
527 170166.0
527 176493.0
524 166660.0
524 164819.0
524 170805.0
524 171196.0
511 171153.0
491 172574.0
491 169581.0
495 169979.0
454 167738.0
448 158685.0
445 172999.0
445 180302.0
445 173629.0
433 164974.0
420 161779.0
420 163609.0
420 198931.0
420 175832.0
420 159748.0
420 279638.0
420 156677.0
420 161187.0
420 165921.0
420 161644.0
420 158803.0
413 190064.0
405 190412.0
405 177313.0
381 155975.0
368 156906.0
368 139478.0
368 2692161.0
368 146465.0
368 136157.0
368 135518.0
368 158262.0
368 126592.0
368 120836.0
368 89905.0
368 88003.0
368 89317.0
383 88942.0
383 134948.0
383 94327.0
383 92960.0
383 92999.0
383 91271.0
383 110610.0
383 91325.0
383 86950.0
383 87059.0
383 134425.0
383 98625.0
383 145814.0
383 141895.0
383 140856.0
383 172930.0
383 162361.0
383 154311.0
361 154891.0
361 165692.0
361 187335.0
361 187855.0
361 697839.0
361 204668.0
361 144365.0
361 156892.0
361 158151.0
361 157225.0
361 152202.0
361 164411.0
361 158879.0
361 149751.0
361 154745.0
361 158168.0
361 159924.0
357 155298.0
357 158067.0
357 158549.0
357 159122.0
357 156534.0
332 200409.0
332 74271.0
331 74188.0
331 75731.0
331 72576.0
331 75386.0
331 45854.0
331 43791.0
307 45766.0
307 76515.0
307 76080.0
295 45208.0
295 45560.0
295 45201.0
295 46200.0
295 49312.0
295 45483.0
295 45362.0
292 47332.0
292 47014.0
267 44015.0
267 47812.0
267 46550.0
267 42014.0
267 44028.0
260 45750.0
260 44826.0
253 44850.0
253 47176.0
253 47413.0
253 44362.0
253 43726.0
253 45426.0
253 45223.0
253 80912.0
253 76649.0
251 74501.0
251 76557.0
251 78389.0
251 80354.0
251 80675.0
250 48384.0
250 46728.0
250 44374.0
250 44428.0
250 46036.0
250 44201.0
250 44104.0
250 46146.0
250 42146.0
250 75993.0
250 81019.0
250 77314.0
250 48246.0
247 47856.0
247 46718.0
247 44342.0
247 47464.0
247 46664.0
250 47668.0
250 45440.0
250 78101.0
250 78228.0
250 80811.0
250 79493.0
250 106684.0
250 85033.0
250 76362.0
250 60814.0
250 48423.0
250 48363.0
250 48208.0
251 49336.0
251 47442.0
251 49821.0
251 77689.0
251 53278.0
251 48657.0
251 47829.0
251 84914.0
251 80259.0
251 53006.0
251 49865.0
251 48242.0
251 51053.0
251 48611.0
251 51807.0
251 47112.0
251 46765.0
251 51234.0
251 50361.0
251 53779.0
251 49307.0
251 49866.0
251 53239.0
251 57946.0
251 75629.0
252 89561.0
252 86471.0
252 86228.0
252 80966.0
252 53101.0
250 50684.0
250 50995.0
250 49915.0
250 66497.0
250 50340.0
250 53405.0
250 49923.0
250 48547.0
250 51545.0
250 52868.0
250 49216.0
250 48035.0
242 50999.0
242 51594.0
242 50608.0
230 49793.0
220 52903.0
220 52080.0
220 50657.0
220 50444.0
220 80152.0
220 85341.0
220 94643.0
220 132689.0
207 133223.0
207 58917.0
207 53639.0
207 50843.0
207 48857.0
207 73805.0
207 48800.0
207 54869.0
209 53040.0
209 54051.0
209 52995.0
201 55682.0
201 54344.0
201 54571.0
201 70914.0
201 86488.0
201 90894.0
201 91416.0
201 94435.0
201 92157.0
196 92763.0
196 95115.0
196 96487.0
196 95231.0
196 101416.0
196 91593.0
196 91091.0
196 89001.0
196 92202.0
190 92662.0
184 126012.0
184 94135.0
184 96056.0
184 95689.0
184 100760.0
184 90695.0
184 93581.0
184 100587.0
184 99603.0
184 95815.0
184 97768.0
178 93002.0
178 73775.0
178 54901.0
178 57565.0
178 56291.0
171 53460.0
171 53793.0
171 55463.0
171 53872.0
184 55540.0
184 55088.0
184 51879.0
184 54865.0
184 93996.0
184 93520.0
184 99947.0
175 97754.0
175 97268.0
177 97281.0
177 100958.0
177 100013.0
173 98187.0
173 92926.0
173 96021.0
173 98532.0
173 96530.0
173 103031.0
173 99557.0
173 100678.0
173 99888.0
173 98000.0
173 58267.0
173 59763.0
173 62279.0
173 58251.0
173 58334.0
173 56375.0
173 61546.0
173 55435.0
173 57298.0
175 56530.0
175 58015.0
175 58983.0
175 56799.0
175 57334.0
175 58663.0
175 62025.0
175 58922.0
175 58668.0
175 57909.0
175 61249.0
175 59237.0
175 57758.0
175 58746.0
175 58480.0
175 56953.0
175 82616.0
175 60694.0
175 58622.0
175 57972.0
175 61078.0
175 60751.0
175 58479.0
175 59473.0
175 60308.0
175 63172.0
171 59987.0
171 59334.0
171 60361.0
171 59632.0
169 61053.0
169 70973.0
169 59587.0
169 60439.0
169 62337.0
169 93044.0
169 61894.0
169 59137.0
169 61993.0
169 61731.0
169 61594.0
169 60775.0
169 58432.0
169 59587.0
169 64015.0
169 135195.0
169 115258.0
169 116604.0
171 109143.0
171 108218.0
171 109906.0
171 112411.0
171 103897.0
171 109069.0
171 107064.0
171 122147.0
171 105577.0
171 101083.0
171 63434.0
171 62843.0
171 60919.0
171 61274.0
171 61572.0
171 65390.0
172 63522.0
172 62165.0
173 63743.0
173 63487.0
173 64090.0
173 83772.0
167 64753.0
167 66029.0
167 62309.0
164 65187.0
164 67486.0
158 64349.0
158 60733.0
158 61275.0
158 60522.0
158 63040.0
158 66463.0
158 67574.0
158 63799.0
158 60705.0
158 61566.0
158 63077.0
158 64140.0
158 63788.0
158 63502.0
158 61205.0
158 61528.0
158 63884.0
151 64318.0
151 121920.0
154 106410.0
154 105065.0
154 102787.0
154 106488.0
154 110014.0
154 115852.0
154 108077.0
154 104872.0
154 106441.0
154 109940.0
154 68521.0
154 65860.0
154 66261.0
154 67842.0
154 65596.0
154 68291.0
154 66860.0
154 66754.0
154 68777.0
154 66088.0
154 65194.0
154 67198.0
154 67797.0
154 66335.0
154 68006.0
154 66309.0
154 70509.0
154 68148.0
154 67487.0
154 71581.0
154 65801.0
154 67904.0
154 66376.0
154 68150.0
152 102560.0
152 66923.0
152 66894.0
152 65598.0
152 69467.0
152 69232.0
152 67069.0
152 66320.0
152 67784.0
152 65119.0
152 66703.0
152 65894.0
152 69207.0
152 66762.0
152 68842.0
152 67106.0
152 68942.0
152 68135.0
152 69744.0
152 73274.0
152 67420.0
152 69163.0
152 149882.0
152 70073.0
147 74267.0
147 71061.0
147 68800.0
147 68834.0
147 70806.0
147 67841.0
147 70108.0
147 67607.0
147 69024.0
147 68649.0
149 68752.0
149 69968.0
149 68569.0
149 68490.0
149 69335.0
149 72141.0
149 70482.0
149 74014.0
149 72029.0
149 67129.0
149 68244.0
149 71911.0
148 72483.0
148 119927.0
148 124019.0
148 123886.0
148 118568.0
148 121211.0
148 122478.0
148 128153.0
148 121556.0
148 121108.0
148 117512.0
148 122174.0
148 123184.0
148 117326.0
148 116615.0
148 117279.0
148 117967.0
148 120601.0
139 116320.0
139 125667.0
139 123843.0
139 124062.0
139 119878.0
139 112053.0
139 121898.0
139 120739.0
139 120247.0
139 118187.0
139 110016.0
139 124167.0
139 117754.0
139 122247.0
139 117707.0
139 119999.0
139 120102.0
139 120595.0
139 119105.0
139 119751.0
139 105920.0
139 118376.0
139 127014.0
139 116992.0
131 116860.0
131 117803.0
131 125047.0
131 122334.0
131 111779.0
131 126999.0
131 127447.0
131 121938.0
131 126275.0
131 126908.0
131 126357.0
131 128016.0
131 127411.0
131 120055.0
131 101760.0
131 77288.0
131 75986.0
131 77582.0
131 74320.0
131 75308.0
131 73320.0
131 75702.0
131 74789.0
131 73880.0
131 73715.0
133 74609.0
133 81527.0
133 76558.0
133 102398.0
133 228951.0
133 128982.0
133 131180.0
133 157909.0
133 141458.0
133 133906.0
133 139889.0
133 132168.0
133 133198.0
133 132876.0
133 135836.0
133 131536.0
133 130757.0
133 134614.0
133 133619.0
133 134418.0
133 136371.0
134 136513.0
134 131782.0
134 134072.0
134 124143.0
134 138549.0
134 130727.0
134 130640.0
134 81696.0
134 79261.0
134 77154.0
131 79784.0
129 107296.0
129 78613.0
129 142418.0
129 76763.0
129 77661.0
129 79805.0
129 76319.0
127 77397.0
127 80415.0
124 78877.0
124 79706.0
124 77943.0
124 81605.0
127 79844.0
127 77528.0
127 79401.0
128 78041.0
128 81129.0
128 79725.0
128 82932.0
128 78759.0
128 80998.0
128 78740.0
128 79738.0
128 78728.0
128 82852.0
128 79208.0
110 50839.0
110 49906.0
110 50675.0
110 82892.0
110 84275.0
110 85662.0
110 84295.0
110 89563.0
110 185926.0
110 85124.0
107 91576.0
106 87980.0
106 86025.0
106 86258.0
106 84227.0
103 88869.0
103 86058.0
103 85026.0
103 86009.0
103 88517.0
103 87115.0
103 83105.0
103 85300.0
103 92245.0
103 90993.0
103 90117.0
103 87876.0
103 90914.0
103 89573.0
103 90583.0
103 92528.0
103 88629.0
103 91771.0
103 88547.0
103 90779.0
101 85642.0
101 89969.0
101 91887.0
101 91306.0
101 108333.0
101 89478.0
101 55320.0
102 53634.0
102 52493.0
102 54731.0
102 78593.0
102 53022.0
96 42888.0
96 43764.0
96 41738.0
96 41636.0
96 43331.0
96 45882.0
96 45200.0
96 43683.0
96 43005.0
96 44523.0
96 44168.0
96 42465.0
96 41888.0
96 44439.0
96 43799.0
96 44079.0
96 42589.0
96 42658.0
96 41892.0
96 83684.0
96 43481.0
96 43036.0
96 42178.0
96 47090.0
96 45111.0
96 43897.0
96 43676.0
96 46784.0
96 44211.0
96 43256.0
96 43934.0
96 44080.0
96 42762.0
96 52904.0
96 43025.0
96 44787.0
96 46444.0
97 45188.0
97 43760.0
97 45171.0
97 42616.0
97 45625.0
97 44096.0
97 45651.0
97 42320.0
97 45354.0
97 73636.0
97 47399.0
97 44541.0
97 47039.0
97 44516.0
97 46824.0
97 44387.0
97 45481.0
97 43843.0
97 46376.0
97 44273.0
97 42822.0
97 46127.0
97 46076.0
97 46502.0
97 44692.0
97 44861.0
97 45362.0
97 66796.0
97 46008.0
97 46368.0
97 44762.0
97 45837.0
97 45704.0
95 71171.0
95 46910.0
95 47477.0
95 43708.0
95 46004.0
95 45415.0
95 44476.0
95 43657.0
95 46869.0
95 46432.0
95 43859.0
95 44787.0
95 45097.0
95 45386.0
95 44032.0
95 45716.0
95 46099.0
95 42949.0
95 46980.0
95 93082.0
95 47312.0
95 45327.0
95 45837.0
95 45566.0
95 75258.0
95 47511.0
95 47256.0
95 44573.0
95 44915.0
95 45608.0
95 45553.0
95 45959.0
95 45936.0
95 44078.0
95 44081.0
95 43138.0
95 73593.0
95 46854.0
95 48396.0
95 46310.0
95 47436.0
95 47691.0
95 46782.0
95 46779.0
95 45180.0
95 65144.0
95 38070.0
95 33551.0
95 34539.0
95 33972.0
95 34215.0
97 33926.0
97 34205.0
97 34497.0
96 33479.0
96 53071.0
96 37465.0
94 35132.0
94 35047.0
94 34248.0
94 33671.0
94 32569.0
94 35684.0
94 32400.0
94 34293.0
94 39366.0
94 39528.0
94 38229.0
94 38777.0
96 41340.0
96 41175.0
96 40210.0
96 38761.0
96 33552.0
96 32064.0
96 33350.0
96 36867.0
96 34992.0
96 35786.0
96 35677.0
96 35767.0
96 34986.0
96 31939.0
96 36189.0
96 36341.0
96 35988.0
96 35554.0
96 35086.0
96 37398.0
96 37871.0
96 35252.0
96 34350.0
96 34481.0
96 35703.0
94 37718.0
94 36720.0
94 33442.0
94 32504.0
94 33466.0
94 1388486.0
94 35029.0
94 31546.0
94 30179.0
94 30663.0
94 30658.0
94 28408.0
94 29029.0
94 29352.0
94 27658.0
94 29763.0
94 28013.0
94 29745.0
94 29279.0
94 30520.0
94 37676.0
94 37586.0
94 34775.0
94 40211.0
94 39822.0
94 37451.0
94 38965.0
95 39464.0
95 37593.0
95 36379.0
95 36605.0
94 38013.0
94 36268.0
93 38837.0
93 38577.0
93 30099.0
93 29327.0
93 27728.0
93 28429.0
93 30971.0
93 27668.0
93 28609.0
93 30570.0
93 29943.0
93 29609.0
93 30037.0
93 29066.0
93 30383.0
93 30091.0
93 30101.0
93 29605.0
93 29388.0
93 29476.0
93 30265.0
93 29961.0
93 27766.0
93 29619.0
93 29111.0
93 29856.0
93 29258.0
93 29137.0
93 27091.0
93 30520.0
93 28841.0
93 31117.0
93 28670.0
93 30409.0
94 31010.0
94 29433.0
94 28227.0
94 29062.0
93 31636.0
93 29867.0
93 28212.0
93 30784.0
93 31371.0
93 30024.0
93 36255.0
93 29640.0
93 31220.0
93 31531.0
93 31158.0
93 32344.0
93 31867.0
93 31256.0
93 31080.0
93 29818.0
93 31680.0
93 30914.0
93 30787.0
93 31353.0
93 31409.0
93 30248.0
93 34620.0
93 31901.0
93 29698.0
93 30286.0
93 29636.0
93 27707.0
93 30596.0
93 30672.0
93 30975.0
91 30572.0
91 31857.0
91 31674.0
91 32022.0
91 32074.0
91 32136.0
91 30949.0
90 31610.0
91 32198.0
91 29419.0
91 31528.0
91 32262.0
91 30894.0
91 32095.0
91 31759.0
91 73478.0
91 63296.0
91 61480.0
91 58494.0
91 61134.0
91 60075.0
91 59123.0
91 59664.0
91 60421.0
91 59118.0
91 59405.0
91 56372.0
91 59723.0
91 60240.0
91 58468.0
91 58982.0
91 59892.0
91 59901.0
91 58673.0
91 57668.0
91 58820.0
91 38477.0
91 36063.0
91 36862.0
91 38011.0
91 36123.0
91 37531.0
91 39747.0
91 36688.0
91 39377.0
91 38790.0
93 39020.0
93 38271.0
93 38439.0
93 39516.0
93 38580.0
