First MST116936 6.3087445E7
116922 6.0593113E7
116936 5.6727005E7
116840 4.2194342E7
116849 2.8077314E7
116814 3.0177955E7
116760 2.95719E7
116741 2.7740892E7
116779 3.1081686E7
116776 3.3025726E7
116763 3.2571306E7
116744 3.205881E7
116728 3.2131889E7
116693 3.3279558E7
116691 2.824706E7
116721 2.7697512E7
116686 3.1494084E7
116693 2.9547453E7
116613 3.1946434E7
116633 2.9529771E7
116610 2.8801868E7
116612 2.8778893E7
116635 2.9726222E7
116593 3.3339823E7
116557 2.7534842E7
116516 3.6115569E7
116488 2.8071787E7
116445 2.8142131E7
116442 2.8290276E7
116442 2.7679913E7
116458 2.7619208E7
116442 2.784416E7
116458 2.7465264E7
116438 2.7824138E7
116436 2.7775213E7
116462 2.7695485E7
116383 2.7825774E7
116384 2.8222804E7
116384 2.7689036E7
116395 3.162695E7
116381 3.1253261E7
116402 3.1101924E7
116382 3.0909149E7
116382 3.0590964E7
116350 3.0764087E7
116381 3.0963814E7
116381 3.1248547E7
116345 3.1323299E7
116311 3.0866077E7
116362 3.8515457E7
116218 2.7414482E7
116199 2.9311628E7
116172 2.9622976E7
116157 2.9790353E7
116127 3.033618E7
116162 2.9732942E7
116162 2.9389779E7
116162 2.870919E7
116162 2.9254356E7
116161 2.952697E7
116153 2.9359657E7
116153 2.9616379E7
116139 2.9321782E7
116128 2.9396234E7
116167 2.9594232E7
116122 2.8370638E7
116122 3.0428738E7
116079 2.7796372E7
116114 2.938533E7
116105 2.9744077E7
116097 2.9516233E7
116113 2.9055329E7
116112 2.9224343E7
116132 2.8907849E7
116126 2.9889451E7
116084 2.8869181E7
115976 2.9491461E7
116011 2.9105696E7
116011 3.5485373E7
116011 2.9097055E7
115994 3.1958222E7
115994 2.863653E7
115964 3.00298E7
115946 2.9302791E7
115923 2.901498E7
115917 2.9221923E7
115852 3.057113E7
115852 2.9155614E7
115805 2.9464384E7
115779 3.522071E7
115787 2.9284025E7
115719 2.9494888E7
115749 2.9491988E7
115749 2.9522383E7
115784 2.9735794E7
115777 2.9794249E7
115749 3.0344612E7
115722 2.9943494E7
115726 3.1759703E7
115672 3.22994E7
115678 3.2680858E7
115669 3.3170865E7
115594 3.2555173E7
115587 3.244085E7
115552 3.2522939E7
115521 3.397601E7
115485 3.2646503E7
115485 3.160615E7
115483 3.1460686E7
115510 3.2904365E7
115478 3.256934E7
115428 3.3400714E7
115353 3.3071066E7
115397 3.2624572E7
115399 3.2814623E7
115403 3.4400797E7
115368 3.3027377E7
115368 3.6231563E7
115411 3.5393373E7
115411 3.492007E7
115416 3.8773761E7
115395 3.0483686E7
115395 2.9319785E7
115334 3.0111345E7
115367 2.880564E7
115336 3.0097502E7
115319 3.0410638E7
115287 2.8691436E7
115343 2.9442824E7
115276 2.9370919E7
115307 2.8745932E7
115253 3.0899863E7
115232 2.9001327E7
115270 2.9622268E7
115309 2.9181852E7
115225 2.901589E7
115225 2.913978E7
115170 2.9174536E7
115115 2.9140786E7
115032 2.8819325E7
115026 2.8881534E7
114986 2.8722561E7
115004 2.9022242E7
115049 2.881504E7
115060 2.8000988E7
115025 2.8646404E7
115018 2.858537E7
115024 2.8956436E7
115039 2.8875605E7
115039 2.9321522E7
115051 2.9109415E7
115068 2.8673423E7
115068 2.9517915E7
115030 2.8858985E7
115038 2.8625442E7
115003 2.8956474E7
114930 2.8861014E7
114930 2.8853978E7
114893 2.8745264E7
114787 2.9014429E7
114800 3.0781458E7
114755 2.8837312E7
114759 2.910631E7
114778 2.868023E7
114782 2.8707319E7
114844 2.9012093E7
114762 2.8410293E7
114806 3.3417971E7
114742 3.0063625E7
114766 2.869682E7
114684 2.8959107E7
114720 2.7381804E7
114720 2.8811094E7
114720 2.8772166E7
114720 2.8632962E7
114728 2.8960741E7
114735 2.9148716E7
114662 2.9825654E7
114683 2.9138298E7
114661 2.8929416E7
114660 2.8911952E7
114660 2.8701512E7
114704 2.9245084E7
114700 2.8695979E7
114717 2.9260857E7
114690 2.9260535E7
114680 2.8767543E7
114680 2.9042244E7
114634 2.865859E7
114674 2.950281E7
114640 2.8575778E7
114602 2.8949022E7
114577 2.8447922E7
114593 2.837763E7
114593 2.9257748E7
114580 2.8434937E7
114460 2.8806677E7
114500 2.8835355E7
114465 2.8495283E7
114432 2.8745772E7
114432 2.8883297E7
114435 2.8940915E7
114429 2.8812384E7
114432 2.8691358E7
114397 2.8575773E7
114351 2.8835358E7
114391 3.0988844E7
114391 2.8920862E7
114464 2.8749774E7
114464 2.8705212E7
114499 2.8519353E7
114468 2.9187629E7
114463 2.8379015E7
114428 2.8138775E7
114405 2.8513251E7
114396 3.155734E7
114368 2.9359686E7
114417 3.1758861E7
114373 3.2448209E7
114340 3.1930525E7
114367 3.1875557E7
114325 3.1879935E7
114420 3.239543E7
114420 3.2057108E7
114335 3.168588E7
114287 3.1196003E7
114277 3.1470403E7
114235 3.1053385E7
114229 3.1750694E7
114258 3.1424087E7
114223 3.1980901E7
114197 3.1521693E7
114187 3.215841E7
114236 3.2739486E7
114234 3.170331E7
114199 3.2021478E7
114188 3.1921497E7
114119 3.1654962E7
114163 2.9715795E7
114163 3.1635937E7
114112 3.1871436E7
114078 4.2204645E7
114075 3.2805476E7
114036 3.3187982E7
114071 3.1388684E7
114036 3.1441796E7
114027 3.19366E7
114015 3.1902615E7
113998 3.3240218E7
113949 3.1753245E7
113914 3.162082E7
113924 3.1016691E7
113921 3.0877359E7
113910 3.1464412E7
113924 3.1709405E7
113881 3.0771465E7
113823 3.6956359E7
113851 3.2625595E7
113834 3.4231692E7
113773 3.5630436E7
113773 5.087053E7
113709 3.5418085E7
113728 2.8347282E7
113728 3.0636298E7
113713 3.3640356E7
113712 3.0335851E7
113691 2.9942399E7
113687 2.9510147E7
113624 3.2619064E7
113663 2.8474555E7
113624 2.7366027E7
113608 2.8465603E7
113624 2.8587862E7
113655 2.937548E7
113596 3.3867611E7
113620 4.4600701E7
113632 4.5742633E7
113625 5.6956834E7
113628 9.3321707E7
113577 4.2898438E7
113628 3.7886048E7
113643 2.843739E7
113631 3.0586998E7
113631 3.1401605E7
113590 2.897832E7
113590 3.2594668E7
113582 3.1939717E7
113509 2.9749326E7
113584 3.2151385E7
113584 3.0792773E7
113579 3.1826766E7
113517 3.4899007E7
113517 2.8369832E7
113517 2.8831038E7
113517 2.8728685E7
113475 2.9611125E7
113510 2.8977408E7
113506 2.8758428E7
113489 2.9202288E7
113493 2.869871E7
113493 2.9033798E7
113537 2.8666047E7
113537 3.0722747E7
113444 2.8736441E7
113444 2.9073147E7
113452 2.8914504E7
113452 6.0437065E7
113447 5.5138271E7
113457 4.020232E7
113457 3.2286051E7
113457 2.7975208E7
113451 2.887954E7
113411 2.8946339E7
113423 2.941938E7
113445 2.9120266E7
113456 2.8019115E7
113380 2.8548579E7
113403 2.8547262E7
113354 3.2169013E7
113368 2.8513597E7
113302 2.8987058E7
113302 2.892792E7
113275 2.8982185E7
113307 2.8836744E7
113311 2.9515782E7
113307 2.9038082E7
113307 2.8859634E7
113342 2.8780154E7
113315 2.8933655E7
113315 2.898982E7
113273 2.9119496E7
113234 2.7526981E7
113197 2.8750781E7
113162 2.8869411E7
113119 2.6899528E7
113095 2.863363E7
113119 2.9059818E7
113175 3.2407888E7
113142 2.8761158E7
113132 2.9016556E7
113109 2.9046214E7
113158 3.025526E7
113068 2.9030217E7
113119 2.9146964E7
113144 3.0253459E7
113128 2.9356828E7
113095 2.8654351E7
113080 3.1437E7
113050 2.7968338E7
113084 2.7603785E7
113014 2.809852E7
113034 2.8793512E7
112992 2.9519196E7
112991 2.5968698E7
112992 2.9206482E7
112992 3.3159159E7
112936 3.184841E7
112850 2.8020158E7
112890 2.5861415E7
112859 2.4556383E7
112893 2.5513192E7
112902 2.6480604E7
112941 2.6265374E7
112913 2.8944765E7
112904 2.922808E7
112868 2.7482077E7
112907 2.5195403E7
112833 2.8532708E7
112885 2.7918522E7
112841 2.9278787E7
112841 3.1420281E7
112805 2.4646694E7
112773 2.7973249E7
112781 2.7360536E7
112735 2.828027E7
112782 2.5691824E7
112738 2.6080301E7
112761 2.894035E7
112796 2.5063378E7
112756 2.4526875E7
112705 2.6301809E7
112698 2.8157548E7
112671 2.8593886E7
112671 2.779728E7
112659 2.4488266E7
112570 2.441726E7
112550 2.3733077E7
112504 2.9210027E7
112473 2.4562233E7
112501 2.6762294E7
112523 2.6159409E7
112508 2.807515E7
112453 2.4928903E7
112421 3.0103698E7
112386 3.206496E7
112381 2.8066141E7
112484 2.8899138E7
112442 2.7464993E7
112336 2.950986E7
112450 2.8313566E7
112411 2.699129E7
112450 2.5818288E7
112438 2.7650577E7
112450 2.6495479E7
112411 2.9009225E7
112408 2.5184457E7
112396 2.6971761E7
112373 2.6489792E7
112306 3.116514E7
112342 2.8897277E7
112302 2.748026E7
112344 2.7037163E7
112322 3.1204432E7
112339 3.4268378E7
112240 2.4666371E7
112316 2.5009442E7
112223 2.7888421E7
112279 2.4977929E7
112283 2.5394905E7
112224 2.804435E7
112224 2.4186036E7
112266 2.4728353E7
112200 2.594083E7
112212 2.7318231E7
112158 3.8870881E7
112216 2.6927209E7
112204 2.4467935E7
112200 2.5149287E7
112079 2.7856176E7
112182 2.5180427E7
112086 2.4279968E7
112099 2.5607405E7
112136 2.5330759E7
112095 2.6975634E7
112117 2.6817122E7
112028 2.6023998E7
112071 2.9071247E7
112138 2.6890867E7
112070 2.5502355E7
112144 2.8609835E7
112105 2.6708929E7
112135 2.5701433E7
112054 2.5260969E7
112018 2.4996283E7
112047 2.8644464E7
112078 2.4609349E7
112079 2.388321E7
112042 2.4479992E7
112084 2.4590447E7
112003 2.4525358E7
112024 2.5349784E7
112024 2.7202837E7
112027 3.0097216E7
112043 2.8377545E7
111957 3.0304145E7
111953 2.8681086E7
111977 2.8774636E7
111945 3.0364123E7
111935 2.9575955E7
111872 2.890533E7
111889 2.7583151E7
111858 2.7446435E7
111833 2.9396933E7
111876 2.8951192E7
111825 2.8155771E7
111847 3.0672388E7
111869 2.8897308E7
111856 2.9259605E7
111840 2.9126605E7
111806 2.9457324E7
111793 2.752485E7
111752 2.9088602E7
111752 2.8503739E7
111747 2.8135036E7
111787 2.9106554E7
111782 2.8599831E7
111744 2.8015977E7
111778 2.6364087E7
111735 2.8715499E7
111734 2.5714667E7
111819 2.817521E7
111816 2.8379682E7
111737 2.8325248E7
111776 2.4533729E7
111788 2.9232501E7
111741 2.8492609E7
111656 2.8330464E7
111671 2.7907236E7
111628 2.8266225E7
111702 3.1161936E7
111660 2.9741738E7
111715 2.8875482E7
111656 2.7920563E7
111740 2.4963425E7
111707 2.4667803E7
111695 2.7639772E7
111668 2.7447E7
111722 2.7292164E7
111687 2.8523121E7
111726 3.1742037E7
111684 2.9820141E7
111693 2.8639296E7
111654 2.8464713E7
111653 2.921366E7
111655 2.9464247E7
111659 2.9170115E7
111669 2.7796681E7
111603 2.8948486E7
111599 2.923214E7
111603 2.9317997E7
111653 2.8871687E7
111563 3.0852537E7
111654 2.8260429E7
111618 2.7594364E7
111604 2.6731003E7
111625 2.6351356E7
111574 2.9629387E7
111530 2.9392451E7
111530 2.7734747E7
111469 2.6232023E7
111530 2.8710238E7
111481 2.8551277E7
111469 2.6596985E7
111526 2.4239039E7
111486 2.5107933E7
111462 2.7470041E7
111525 2.5089309E7
111437 2.5943293E7
111433 2.8519689E7
111394 3.4963556E7
111468 2.8500315E7
111381 3.0045008E7
111404 2.7469711E7
111408 2.8250838E7
111369 2.5775805E7
111453 2.780117E7
111414 2.8432083E7
111453 2.8837569E7
111395 2.7394662E7
111432 2.6516729E7
111321 2.7507647E7
111315 2.749387E7
111312 2.7863598E7
111343 2.9139905E7
111273 2.8898399E7
111333 2.8047629E7
111329 3.0222941E7
111276 2.5996383E7
111243 2.4818588E7
111262 2.8602484E7
111216 2.6147281E7
111234 2.8268058E7
111260 2.7624767E7
111267 2.7166272E7
111188 2.6170837E7
111245 2.9015633E7
111181 3.1955408E7
111172 3.0519156E7
111142 2.7033703E7
111142 2.7631821E7
111174 2.8905147E7
111181 2.9042813E7
111148 2.8868928E7
111187 2.8273975E7
111152 2.7329277E7
111164 2.6179024E7
111121 3.0123643E7
111113 2.8633421E7
111146 2.8569496E7
111152 2.9294273E7
111113 2.874449E7
111152 2.7583224E7
111092 2.7519022E7
111133 2.8784963E7
111090 2.7338156E7
111031 2.8746871E7
111043 2.8867357E7
111051 2.8237532E7
111001 2.5652506E7
111040 2.4287794E7
111040 2.4416808E7
111049 3.521325E7
111003 2.8259163E7
111095 2.4277493E7
111045 2.471143E7
111010 2.7168619E7
111034 2.7505646E7
111040 2.7476869E7
111031 2.7534296E7
111045 2.776695E7
111085 2.7358537E7
111076 2.7604501E7
111076 2.5918823E7
111002 2.9488646E7
111076 2.6733843E7
111014 2.608206E7
110989 2.465665E7
111023 2.715206E7
111038 2.751868E7
111032 2.8210737E7
111071 2.5870993E7
111028 2.7345959E7
111058 2.5032188E7
110988 2.6304755E7
111023 2.628331E7
110928 2.6542709E7
110928 2.5271938E7
110988 2.7466765E7
110947 2.6076676E7
110963 2.4930397E7
110935 2.3624505E7
110953 2.6335426E7
110883 2.8022203E7
110944 3.3430167E7
110978 2.697501E7
110929 2.5656733E7
110968 2.873616E7
110928 2.590265E7
110894 2.0212291E7
110912 2.0535044E7
110892 2.2049274E7
110970 2.2678629E7
110878 1.9972088E7
110913 2.0228263E7
110962 2.0063179E7
110910 2.0094862E7
110941 1.9986361E7
110850 2.0001086E7
110869 2.0687904E7
110850 2.0488897E7
110875 2.0222956E7
110836 2.0231195E7
110820 2.0129132E7
110890 2.0119101E7
110816 2.0083282E7
110868 2.023037E7
110792 2.0282288E7
110886 2.0143859E7
110807 2.03249E7
110832 2.027E7
110815 2.0395354E7
110764 2.0144915E7
110764 2.0178029E7
110766 2.0102869E7
110809 2.0396185E7
110777 2.0233291E7
110823 2.0216738E7
110737 2.0323774E7
110792 2.0299573E7
110792 2.0305913E7
110806 2.0257203E7
110767 2.0609143E7
110764 2.0178664E7
110767 2.1130215E7
110800 2.0290648E7
110761 2.0169019E7
110800 2.0201694E7
110729 2.0374215E7
110687 2.0206414E7
110688 2.0148221E7
110688 2.2052272E7
110629 2.0880213E7
110661 2.0128364E7
110617 2.7919697E7
110599 2.0301133E7
110584 2.0315446E7
110588 2.0106827E7
110568 2.0130805E7
110570 2.1542756E7
110518 2.0240572E7
110555 2.0288501E7
110483 2.222984E7
110403 2.1206104E7
110347 2.0429657E7
110397 2.0108884E7
110393 2.0404593E7
110393 2.0188598E7
110370 2.020798E7
110320 2.0337916E7
110271 2.0350132E7
110222 2.0317387E7
110267 2.0255465E7
110172 2.0278066E7
110167 2.0997075E7
110082 2.0438909E7
110082 2.041356E7
110085 2.0570405E7
110047 2.0861078E7
110051 2.1029329E7
110054 2.1188933E7
110089 2.0834352E7
110052 2.2349968E7
110037 2.0288156E7
109978 2.0488451E7
110043 2.0337403E7
109992 2.0766427E7
109932 2.1299714E7
109901 2.1602754E7
109961 2.1463459E7
109895 2.0707073E7
109959 2.1306321E7
109921 2.0865081E7
109944 2.0264722E7
109905 2.0358389E7
109972 2.0115369E7
109919 2.0157297E7
109944 2.0411382E7
109877 2.0132756E7
109951 2.0274118E7
109937 2.017768E7
109917 2.0357663E7
109868 2.0123695E7
109804 2.0226854E7
109889 2.0159953E7
109903 2.01478E7
109889 2.0252997E7
109840 2.0217861E7
109887 2.0280822E7
109887 2.0346654E7
109906 2.048403E7
109773 2.4413479E7
109866 2.2476626E7
109852 2.3600906E7
109827 2.1444388E7
109774 2.132824E7
109813 2.1190012E7
109781 2.110451E7
109841 2.1558719E7
109774 2.0439485E7
109799 2.1344518E7
109745 2.0058328E7
109686 2.0267006E7
109639 2.0277009E7
109793 2.0205383E7
109632 1.9949217E7
109643 2.0368255E7
109535 2.0473762E7
109490 2.0127202E7
109534 2.0253726E7
109542 2.3658031E7
109495 2.0956799E7
109495 2.044208E7
109534 2.0532856E7
109488 2.0380097E7
109469 2.0288594E7
109562 2.0441698E7
109459 2.0321365E7
109498 2.0300365E7
109466 2.0212437E7
109491 2.0278919E7
109448 2.0227394E7
109453 2.0082766E7
109434 2.0386071E7
109493 2.0351273E7
109447 2.0746183E7
109447 2.1247012E7
109423 2.0270564E7
109412 2.0182737E7
109438 2.0290138E7
109395 2.0205957E7
109395 2.0458093E7
109427 2.0686577E7
109440 2.0077557E7
109366 2.1687503E7
109399 2.1204473E7
109420 2.080642E7
109426 2.0175096E7
109411 2.0354608E7
109388 2.0465237E7
109371 2.3511359E7
109384 2.2172607E7
109401 2.2013305E7
109436 2.0828237E7
109397 2.0344807E7
109447 2.0277686E7
109380 2.0204691E7
109454 2.0229741E7
109413 2.0362707E7
109424 2.0323246E7
109364 2.1508114E7
109364 2.1094507E7
109429 2.0660136E7
109411 2.0297283E7
109387 2.0290328E7
109369 2.0250024E7
109404 2.0274048E7
109348 2.0237151E7
109397 2.0274675E7
109379 2.0269383E7
109362 2.0328029E7
109297 2.308267E7
109257 2.0593999E7
109297 2.0319711E7
109309 2.0460147E7
109398 2.0500597E7
109398 2.0308759E7
109359 2.0244886E7
109336 2.0234418E7
109279 2.356225E7
109337 2.131789E7
109279 2.115047E7
109320 2.1591664E7
109322 2.0933985E7
109313 2.0267203E7
109348 2.0279511E7
109312 2.0259645E7
109325 2.0197768E7
109257 2.0360623E7
109259 2.0359381E7
109179 2.0465821E7
109175 2.0315865E7
109184 2.0242989E7
109222 2.0162897E7
109187 2.0275721E7
109215 2.0270227E7
109266 2.0329283E7
109213 2.0541082E7
109169 2.0333781E7
109241 2.0427437E7
109164 2.0513169E7
109192 2.0202507E7
109172 2.0215423E7
109195 2.043707E7
109150 2.0307557E7
109201 2.0350352E7
109173 2.0256936E7
109197 2.0418162E7
109216 2.0349588E7
109205 2.0735549E7
109116 2.1114648E7
109138 2.0656085E7
109138 2.0252942E7
109103 2.0311676E7
109089 2.0430731E7
109133 2.0375238E7
109068 2.4090722E7
109043 2.031897E7
109073 2.0314022E7
109079 2.0431608E7
109093 2.0388218E7
109008 2.0376705E7
109024 2.0298499E7
109075 2.09242E7
109006 2.04225E7
109080 2.0345329E7
109030 2.0227869E7
109069 2.0235525E7
109062 2.042934E7
109032 2.0450277E7
109046 2.0239912E7
109046 2.0266968E7
108987 2.0302195E7
109031 2.059368E7
109002 2.0397952E7
108964 2.0564017E7
108903 2.0946934E7
108942 2.0122502E7
108955 2.0221757E7
108937 2.0171538E7
108937 2.1296837E7
108904 2.0132334E7
108940 2.0163281E7
108866 2.0162639E7
108887 2.030392E7
108814 2.0202448E7
108825 2.0075237E7
108806 2.0091608E7
108723 2.0389976E7
108734 2.0331963E7
108779 2.0363321E7
108751 2.0181688E7
108762 2.062331E7
108819 2.0548497E7
108726 2.0209874E7
108722 2.0283435E7
108779 2.0292957E7
108708 2.0215448E7
108712 2.0710359E7
108758 2.0490187E7
108664 2.0270327E7
108669 2.02388E7
108619 2.0325677E7
108660 2.0343769E7
108625 2.0418105E7
108625 2.0446791E7
108619 2.1360213E7
108635 2.0730261E7
108604 2.039093E7
108604 2.0349539E7
108593 2.032774E7
108571 2.0488499E7
108594 2.0305903E7
108576 2.0681384E7
108537 2.0444935E7
108513 2.0398803E7
108598 2.0428762E7
108497 2.0257874E7
108508 2.0452613E7
108456 2.0483534E7
108502 2.1258257E7
108481 2.0231067E7
108469 2.0367816E7
108392 2.309784E7
108479 2.0701124E7
108418 2.0324998E7
108464 2.0376577E7
108410 2.0378343E7
108474 2.1067177E7
108438 2.0621939E7
108432 2.019287E7
108372 2.0298321E7
108369 2.0361788E7
108429 2.0347875E7
108429 2.0298899E7
108330 2.0382698E7
108348 2.0547171E7
108345 2.0299306E7
108308 2.0247069E7
108229 2.0470195E7
108225 2.947221E7
108213 2.1086478E7
108156 2.0698581E7
108195 2.0530941E7
108198 2.0291715E7
108198 2.0253435E7
108158 2.1547929E7
108119 2.1543129E7
108166 2.1289412E7
108206 2.1230096E7
108116 2.4601601E7
108091 2.1416337E7
108090 2.114751E7
108065 2.0492027E7
108091 2.0613735E7
108004 2.1774604E7
108046 2.1346375E7
108026 2.1059084E7
108015 2.0829023E7
108054 2.5257322E7
108060 2.0459573E7
108091 2.0224483E7
108061 2.048077E7
108037 2.0596186E7
108009 2.0374835E7
107969 2.0595721E7
107985 2.0830912E7
107968 2.0313464E7
107961 2.050714E7
107973 2.0613437E7
107952 2.0225106E7
107952 2.0448391E7
108005 2.1733336E7
108017 2.0915371E7
108013 2.0455726E7
107964 2.0323978E7
107989 2.0351393E7
107944 2.0272911E7
107942 2.0559391E7
107889 2.0946845E7
107868 2.1307276E7
107929 2.0347104E7
107894 2.0832879E7
107855 2.0445022E7
107855 2.030727E7
107855 2.0512064E7
107876 2.043452E7
107815 2.0339724E7
107808 2.0777089E7
107815 2.1046057E7
107715 2.0499541E7
107697 2.0414343E7
107640 2.0598368E7
107664 2.1362503E7
107644 2.1381583E7
107616 2.1710266E7
107616 2.0386529E7
107537 2.0317868E7
107576 2.2153532E7
107537 2.0474983E7
107605 2.0445372E7
107596 2.0344384E7
107607 2.0344729E7
107576 2.0358457E7
107562 2.0180169E7
107526 2.0443202E7
107550 2.0363019E7
107499 2.0353719E7
107418 2.0413362E7
107453 2.0441211E7
107448 2.0344708E7
107412 2.0409429E7
107412 2.0431785E7
107405 2.0519564E7
107469 2.0528639E7
107458 2.0373702E7
107451 2.0473735E7
107443 2.0708592E7
107374 2.0594231E7
107378 2.0480065E7
107350 2.0463712E7
107354 2.0792282E7
