First MST6919 5906125.0
6919 3142342.0
6908 2768248.0
6908 2633016.0
6901 2653549.0
6900 2276488.0
6853 2044845.0
6815 2007894.0
6815 2022857.0
6815 1849991.0
6815 1900906.0
6794 1876525.0
6794 1842232.0
6749 1962141.0
6734 1967122.0
6720 1408673.0
6720 1754202.0
6720 2266080.0
6720 1520364.0
6715 1174066.0
6715 1281954.0
6715 1187766.0
6715 1199023.0
6654 1255975.0
6654 1154156.0
6586 1146684.0
6586 1193071.0
6586 1161371.0
6586 1141885.0
6586 1180944.0
6528 1117520.0
6528 1137020.0
6528 1125905.0
6528 1210036.0
6523 1223765.0
6517 1347997.0
6498 1515240.0
6518 1495297.0
6518 865420.0
6518 815292.0
6481 747968.0
6490 740430.0
6434 739231.0
6429 782250.0
6429 747643.0
6429 917499.0
6429 1123885.0
6438 737449.0
6424 727769.0
6424 715887.0
6424 958866.0
6424 734840.0
6405 703579.0
6420 700391.0
6358 750924.0
6358 756645.0
6358 708959.0
6357 750528.0
6357 748320.0
6357 1206648.0
6357 1180652.0
6357 1180687.0
6357 1167028.0
6368 778506.0
6401 761683.0
6401 730262.0
6395 735246.0
6395 773067.0
6395 705766.0
6395 709419.0
6321 735446.0
6321 790915.0
6321 5572971.0
6321 1027967.0
6321 754558.0
6321 743786.0
6297 1187005.0
6297 1185654.0
6297 1179450.0
6342 1259622.0
6325 3280276.0
6325 811535.0
6303 817693.0
6303 775031.0
6303 1046411.0
6306 764356.0
6268 1055067.0
6268 1151732.0
6268 1413755.0
6222 1210739.0
6216 1002818.0
6216 742573.0
6216 1111544.0
6215 743507.0
6215 714490.0
6215 739151.0
6215 720488.0
6207 1008558.0
6207 754817.0
6207 736518.0
6207 1004705.0
6215 984299.0
6215 729974.0
6215 736501.0
6215 733577.0
6151 824575.0
6144 768190.0
6103 594933.0
6103 561553.0
6103 548617.0
6105 595349.0
6117 544281.0
6109 545216.0
6109 542350.0
6064 555785.0
6088 560671.0
6088 554207.0
6088 545691.0
6088 549925.0
6088 568869.0
6088 549570.0
6088 501748.0
6088 469297.0
6088 492151.0
6088 559741.0
6088 571951.0
6051 517621.0
6045 482800.0
6045 472776.0
6045 474340.0
6046 471524.0
6023 469868.0
6023 474917.0
6015 472387.0
6010 473551.0
5968 480943.0
5968 473128.0
5957 472638.0
5957 469924.0
5904 470199.0
5939 470116.0
5939 483870.0
5939 492600.0
5939 483765.0
5934 473545.0
5899 474119.0
5899 475766.0
5899 475217.0
5818 476365.0
5818 484496.0
5834 477160.0
5835 480903.0
5835 473558.0
5835 475593.0
5835 476222.0
5786 463960.0
5786 469492.0
5777 463416.0
5777 463356.0
5777 469166.0
5777 504591.0
5716 468787.0
5716 463852.0
5712 463981.0
5712 466978.0
5712 461966.0
5702 466539.0
5702 468992.0
5702 473183.0
5702 465920.0
5702 467328.0
5702 465044.0
5702 472627.0
5702 469512.0
5702 473226.0
5702 808868.0
5735 781007.0
5700 785903.0
5700 789669.0
5695 592430.0
5730 799917.0
5695 557863.0
5680 519066.0
5680 517917.0
5671 468873.0
5671 466102.0
5671 471196.0
5671 466601.0
5670 468381.0
5636 472373.0
5636 467728.0
5636 487609.0
5636 475672.0
5623 484804.0
5623 474001.0
5614 480156.0
5578 472469.0
5561 471575.0
5581 469066.0
5581 474539.0
5581 487402.0
5581 470456.0
5581 473121.0
5573 480125.0
5573 474152.0
5540 471551.0
5540 476973.0
5514 467611.0
5514 475939.0
5514 476818.0
5514 472189.0
5514 492302.0
5514 479171.0
5514 480091.0
5539 474259.0
5514 492504.0
5477 488461.0
5477 484759.0
5477 484312.0
5477 480147.0
5473 474481.0
5445 479117.0
5445 478663.0
5470 475071.0
5433 472427.0
5455 479327.0
5400 474016.0
5381 477522.0
5347 475480.0
5347 478953.0
5347 491032.0
5347 477039.0
5347 477546.0
5341 479048.0
5341 479126.0
5341 481370.0
5335 479285.0
5332 482612.0
5332 481207.0
5332 496978.0
5327 760464.0
5323 677464.0
5293 483120.0
5293 485806.0
5293 481922.0
5248 735822.0
5248 742817.0
5223 725817.0
5196 575618.0
5132 493680.0
5128 487913.0
5128 485472.0
5121 509345.0
5117 493246.0
5108 646941.0
5108 494300.0
5108 491757.0
5115 503071.0
5115 488355.0
5115 500299.0
5085 564372.0
5106 488576.0
5106 484766.0
5106 559710.0
5097 481084.0
5097 482705.0
5097 592984.0
5071 576655.0
5048 496526.0
5048 493664.0
5048 492191.0
5048 599135.0
5048 504797.0
5046 495831.0
5029 524165.0
5029 491871.0
4967 543038.0
4939 564600.0
4939 572280.0
4914 494394.0
4914 633429.0
4914 489354.0
4914 492755.0
4914 494475.0
4914 667175.0
4914 665659.0
4899 664300.0
4882 507646.0
4882 494352.0
4882 487935.0
4882 638306.0
4829 494596.0
4829 487849.0
4829 489529.0
4812 490668.0
4812 488299.0
4800 490931.0
4800 491715.0
4802 492134.0
4802 491120.0
4802 488511.0
4802 492293.0
4802 503898.0
4774 494274.0
4774 500520.0
4774 697068.0
4773 498721.0
4753 498167.0
4753 493821.0
4753 491803.0
4753 499123.0
4753 492937.0
4748 492312.0
4748 492259.0
4746 491178.0
4746 496089.0
4744 493477.0
4734 494515.0
4736 501580.0
4736 494315.0
4736 497547.0
4736 494472.0
4701 498006.0
4668 493571.0
4648 497256.0
4638 497358.0
4651 495065.0
4651 498969.0
4651 497945.0
4649 495543.0
4649 494491.0
4649 500548.0
4649 498049.0
4648 662854.0
4648 622443.0
4648 718539.0
4648 505708.0
4648 499679.0
4646 503802.0
4646 502792.0
4646 500151.0
4646 500906.0
4646 503197.0
4646 501375.0
4646 501939.0
4646 501547.0
4646 505114.0
4640 509042.0
4640 518592.0
4640 511311.0
4640 509640.0
4630 503597.0
4619 509042.0
4619 503975.0
4619 506174.0
4611 503082.0
4611 504462.0
4610 500919.0
4610 612732.0
4602 599054.0
4602 606467.0
4599 602189.0
4599 600195.0
4599 602888.0
4600 600932.0
4558 610000.0
4558 560352.0
4558 561978.0
4561 561230.0
4561 559212.0
4561 571855.0
4561 526413.0
4526 504045.0
4526 508531.0
4530 506194.0
4530 509256.0
4530 505818.0
4530 512752.0
4530 513316.0
4530 506252.0
4530 504185.0
4530 535219.0
4529 517617.0
4529 525060.0
4529 514878.0
4514 511401.0
4515 516636.0
4516 513684.0
4490 514780.0
4490 516409.0
4488 1669573.0
4488 555872.0
4426 518211.0
4426 653734.0
4426 518426.0
4426 514432.0
4412 528590.0
4416 515301.0
4416 528586.0
4416 515083.0
4416 513788.0
4416 516786.0
4401 517622.0
4401 520583.0
4401 546895.0
4401 515535.0
4401 518829.0
4401 515703.0
4383 516865.0
4362 515474.0
4362 519486.0
4362 517545.0
4362 517249.0
4362 513969.0
4362 518178.0
4356 519916.0
4356 522773.0
4354 524956.0
4349 527789.0
4349 523698.0
4349 519477.0
4348 526795.0
4348 519642.0
4324 521551.0
4314 517971.0
4314 520209.0
4314 521654.0
4314 523184.0
4286 516459.0
4286 522532.0
4286 521100.0
4286 522575.0
4286 524496.0
4286 528044.0
4286 520920.0
4286 522860.0
4286 525088.0
4286 527308.0
4275 526535.0
4275 522078.0
4275 527567.0
4275 522493.0
4275 526711.0
4275 527622.0
4275 526859.0
4275 529863.0
4275 525754.0
4270 538554.0
4270 967332.0
4256 954609.0
4256 957756.0
4256 625637.0
4256 630355.0
4247 624957.0
4247 632065.0
4247 626229.0
4247 626334.0
4247 627057.0
4236 636183.0
4236 583132.0
4235 625938.0
4239 589767.0
4239 589217.0
4237 584018.0
4212 529682.0
4212 528720.0
4212 531417.0
4212 528981.0
4212 527934.0
4201 528221.0
4201 532871.0
4201 534724.0
4201 530997.0
4201 531274.0
4201 527547.0
4201 531585.0
4201 531054.0
4201 531637.0
4193 533685.0
4193 529921.0
4193 532068.0
4197 532108.0
4197 532478.0
4197 535995.0
4197 534112.0
4209 534915.0
4209 536424.0
4209 534116.0
4193 534907.0
4193 535890.0
4132 533395.0
4132 533081.0
4132 534791.0
4132 538243.0
4132 533235.0
4132 542197.0
4132 533890.0
4132 532583.0
4132 538550.0
4132 537403.0
4132 542001.0
4132 539661.0
4114 539925.0
4114 543151.0
4114 540589.0
4114 538747.0
4114 544787.0
4102 540444.0
4102 542856.0
4102 542730.0
4102 540550.0
4102 543239.0
4095 605619.0
4095 560694.0
3998 460077.0
3998 454234.0
3998 462189.0
3998 461700.0
3998 452528.0
3998 452181.0
3998 477884.0
3998 504333.0
3998 478376.0
4000 452087.0
4000 446912.0
4000 446080.0
4000 452724.0
4000 446388.0
4000 444859.0
4000 450387.0
3991 466633.0
3991 449766.0
3991 447683.0
3991 452720.0
3991 453561.0
3991 451341.0
3991 454697.0
3991 450519.0
3979 450410.0
3979 447028.0
3974 448398.0
3955 448792.0
3957 449688.0
3957 451892.0
3953 452135.0
3953 448376.0
3915 621858.0
3915 1034304.0
3915 553027.0
3915 452859.0
3923 520086.0
3923 454044.0
3856 452461.0
3854 454065.0
3854 456494.0
3854 456826.0
3854 455298.0
3854 464111.0
3854 452418.0
3849 499595.0
3849 480979.0
3849 475511.0
3849 532924.0
3849 461354.0
3849 455238.0
3849 489631.0
3849 458416.0
3849 457656.0
3849 459006.0
3845 456607.0
3845 454842.0
3845 463576.0
3849 458104.0
3849 487340.0
3849 457932.0
3849 501258.0
3854 533028.0
3850 461214.0
3840 465725.0
3840 459914.0
3834 462698.0
3836 463888.0
3836 457741.0
3836 459146.0
3812 461310.0
3812 456535.0
3801 461525.0
3801 474812.0
3801 461681.0
3801 462950.0
3801 849647.0
3801 550440.0
3801 611505.0
3801 461689.0
3801 467569.0
3797 468146.0
3773 466276.0
3773 468594.0
3773 464945.0
3773 463763.0
3771 463255.0
3771 462381.0
3771 465583.0
3771 465134.0
3756 471007.0
3755 463489.0
3755 464840.0
3755 463988.0
3755 466564.0
3755 464762.0
3713 466801.0
3705 467014.0
3705 467300.0
3705 466474.0
3705 467700.0
3705 469774.0
3705 467295.0
3705 698591.0
3708 534654.0
3708 470869.0
3707 474022.0
3707 467545.0
3707 469426.0
3707 471042.0
3707 468655.0
3707 714183.0
3707 472734.0
3690 470189.0
3687 470285.0
3687 472750.0
3669 498197.0
3669 576240.0
3669 549019.0
3669 476826.0
3669 528382.0
3669 523109.0
3661 524268.0
3661 520518.0
3643 524095.0
3643 552738.0
3641 592197.0
3641 478151.0
3641 473869.0
3641 547456.0
3641 474584.0
3641 475694.0
3639 554355.0
3620 471172.0
3620 473401.0
3620 509115.0
3622 475003.0
3622 479438.0
3609 472266.0
3609 483836.0
3609 498532.0
3609 538386.0
3609 523662.0
3609 470073.0
3609 478002.0
3609 476755.0
3609 475379.0
3609 478859.0
3585 479286.0
3585 473069.0
3585 476303.0
3585 480203.0
3585 475708.0
3585 497812.0
3585 488685.0
3585 477675.0
3585 475630.0
3585 476877.0
3585 477463.0
3574 479638.0
3578 477934.0
3578 481208.0
3565 478044.0
3565 478251.0
3565 483218.0
3565 475047.0
3535 478718.0
3535 582912.0
3535 479891.0
3535 500418.0
3535 513268.0
3521 487909.0
3519 553876.0
3536 573418.0
3536 539095.0
3534 483193.0
3515 558099.0
3515 482658.0
3505 482454.0
3505 484443.0
3505 482965.0
3505 486450.0
3500 482613.0
3500 483753.0
3500 485946.0
3486 480825.0
3486 481439.0
3486 482858.0
3486 481376.0
3486 487356.0
3486 485854.0
3492 486355.0
3492 526454.0
3492 489930.0
3492 491629.0
3492 490911.0
3475 489899.0
3475 483106.0
3475 486308.0
3475 489153.0
3475 487053.0
3475 487092.0
3475 488547.0
3475 489758.0
3473 488458.0
3473 484323.0
3473 488146.0
3483 500642.0
3484 489400.0
3448 491711.0
3448 492047.0
3448 493929.0
3429 457337.0
3429 459962.0
3429 456505.0
3429 457325.0
3429 460131.0
3429 457743.0
3429 455571.0
3429 458027.0
3429 456493.0
3428 456634.0
3428 458377.0
3428 466215.0
3428 460880.0
3375 457531.0
3375 455444.0
3373 459298.0
3373 458139.0
3373 455142.0
3373 456684.0
3373 457758.0
3373 454065.0
3373 456573.0
3376 457912.0
3376 460037.0
3364 459235.0
3364 460097.0
3364 460228.0
3364 458966.0
3364 459054.0
3364 458522.0
3364 457925.0
3364 459470.0
3364 459492.0
3364 464362.0
3364 460206.0
3361 460170.0
3361 457476.0
3361 459212.0
3361 460352.0
3361 489350.0
3361 462708.0
3361 463195.0
3355 468636.0
3358 460643.0
3355 465292.0
3355 467727.0
3355 461540.0
3355 465074.0
3355 463289.0
3355 461761.0
3355 466256.0
3355 462047.0
3355 465665.0
3355 1850620.0
3343 468070.0
3343 466377.0
3343 466885.0
3343 468057.0
3343 462342.0
3343 466243.0
3343 466921.0
3343 470454.0
3343 472046.0
3343 470215.0
3343 539728.0
3343 517690.0
3343 470426.0
3343 467816.0
3343 464925.0
3343 462654.0
3343 478981.0
3343 466827.0
3343 471007.0
3343 471895.0
3343 469084.0
3343 471426.0
3343 471211.0
3343 480048.0
3343 483539.0
3343 475188.0
3343 477329.0
3343 471139.0
3343 475165.0
3343 471120.0
3343 468182.0
3343 469772.0
3343 473397.0
3343 850137.0
3343 858775.0
3338 879143.0
3338 779860.0
3335 561452.0
3335 566496.0
3335 564428.0
3335 565188.0
3335 563477.0
3338 560369.0
3335 587310.0
3335 573174.0
3335 533161.0
3321 530412.0
3321 535933.0
3321 527833.0
3321 525621.0
3321 512737.0
3321 474502.0
3321 476046.0
3318 475015.0
3318 546911.0
3318 871457.0
3318 867306.0
3318 827108.0
3318 575785.0
3318 571992.0
3318 574097.0
3310 574936.0
3311 573042.0
3290 568415.0
3255 570346.0
3255 589008.0
3255 534237.0
3255 537179.0
3255 529311.0
3255 535709.0
3259 532124.0
3255 510944.0
3250 482745.0
3250 485594.0
3247 482238.0
3247 486836.0
3247 483798.0
3232 485320.0
3238 486952.0
3238 487699.0
3238 489887.0
3234 484513.0
3234 486635.0
3234 488913.0
3230 497325.0
3230 489840.0
3230 485044.0
3230 484120.0
3230 504708.0
3230 489678.0
3230 492436.0
3234 493634.0
3234 490154.0
3234 488613.0
3234 492328.0
3234 811664.0
3216 889087.0
3212 900417.0
3212 917755.0
3205 584431.0
3205 585713.0
3191 579433.0
3195 579664.0
3195 580815.0
3195 584203.0
3192 586783.0
3192 590404.0
3192 542822.0
3192 542491.0
3192 539161.0
3197 545379.0
3197 543517.0
3189 512599.0
3189 491164.0
3189 491967.0
3189 491830.0
3189 496480.0
3189 493646.0
3189 493185.0
3189 491526.0
3189 495540.0
3189 491081.0
3189 496243.0
3193 493549.0
3193 493825.0
3189 494852.0
3187 492181.0
3187 500234.0
3187 502485.0
3166 530243.0
3166 576785.0
3166 629402.0
3166 586277.0
3166 585090.0
3166 578016.0
3158 2069773.0
3157 494553.0
3157 494126.0
3157 497600.0
3157 496650.0
3157 495723.0
3161 497167.0
3161 497839.0
3161 506871.0
3161 501968.0
3157 500665.0
3157 500642.0
3161 499471.0
3161 497423.0
3158 542392.0
3154 503557.0
3148 500782.0
3148 497351.0
3152 498511.0
3152 496338.0
3148 501589.0
3148 496847.0
3148 496917.0
3148 496419.0
3148 502816.0
3148 501266.0
3148 504287.0
3132 503398.0
3136 501154.0
3136 508760.0
3093 481928.0
3097 513896.0
3097 480577.0
3097 481154.0
3097 481603.0
3093 480595.0
3085 483283.0
3085 480663.0
3088 481999.0
3088 479337.0
3083 484125.0
3062 481384.0
3062 480568.0
3062 480347.0
3028 486051.0
3027 483114.0
3027 483884.0
3027 487866.0
3027 488310.0
3019 489521.0
3019 483430.0
3019 482022.0
3004 499933.0
3004 493049.0
3004 483599.0
3016 485116.0
3016 486979.0
3016 487887.0
3016 491276.0
3016 491195.0
3020 488077.0
3017 487011.0
3017 487258.0
3014 490112.0
2991 489889.0
2991 486090.0
2991 491461.0
2991 489034.0
2979 486893.0
2979 492005.0
2963 487001.0
2952 487565.0
2952 490309.0
2956 493992.0
2956 488198.0
2956 488557.0
2956 515457.0
2956 491467.0
2956 491577.0
2956 489255.0
2956 494720.0
2949 489601.0
2949 491327.0
2949 496297.0
2949 488252.0
2949 488481.0
