First MST37004 219.0
37000 44.0
36988 39.0
36988 51.0
36981 69.0
36957 58.0
36925 56.0
36852 31.0
36852 34.0
36852 33.0
36823 35.0
36789 33.0
36789 31.0
36766 32.0
36762 33.0
36753 46.0
36737 50.0
36704 50.0
36657 52.0
36655 34.0
36655 30.0
36655 30.0
36655 30.0
36629 32.0
36595 34.0
36565 34.0
36559 32.0
36558 28.0
36554 30.0
36554 28.0
36554 29.0
36527 28.0
36470 31.0
36456 28.0
36438 33.0
36432 35.0
36432 47.0
36390 47.0
36383 48.0
36365 59.0
36316 48.0
36283 50.0
36267 47.0
36241 41.0
36241 29.0
36241 33.0
36241 47.0
36186 45.0
36185 35.0
36185 29.0
36185 33.0
36183 36.0
36183 33.0
36145 36.0
36088 49.0
36088 43.0
36088 38.0
36069 44.0
36069 40.0
36069 32.0
36069 29.0
36069 30.0
36069 29.0
36069 29.0
36069 29.0
36051 29.0
36051 30.0
36051 29.0
36040 30.0
36040 31.0
36016 32.0
36016 34.0
36002 31.0
35997 31.0
35970 31.0
35970 32.0
35948 48.0
35948 50.0
35948 53.0
35948 51.0
35861 51.0
35861 30.0
35844 30.0
35842 30.0
35842 30.0
35800 31.0
35780 29.0
35780 30.0
35780 30.0
35752 31.0
35731 31.0
35731 30.0
35731 30.0
35721 30.0
35721 33.0
35721 33.0
35721 31.0
35717 38.0
35717 32.0
35648 33.0
35614 31.0
35597 30.0
35594 30.0
35594 32.0
35594 30.0
35526 31.0
35522 31.0
35468 29.0
35468 31.0
35468 30.0
35433 32.0
35427 28.0
35358 36.0
35327 29.0
35315 30.0
35310 32.0
35308 30.0
35280 31.0
35273 31.0
35273 30.0
35273 30.0
35273 30.0
35273 30.0
35268 30.0
35268 31.0
35268 30.0
35268 29.0
35254 30.0
35239 30.0
35181 31.0
35154 30.0
35149 30.0
35149 30.0
35136 30.0
35136 31.0
35129 30.0
35129 30.0
35126 32.0
35126 31.0
35118 27.0
35118 28.0
35118 28.0
35118 29.0
35118 30.0
35118 30.0
35118 29.0
35118 29.0
35118 29.0
35108 30.0
35108 29.0
35103 30.0
35093 30.0
35093 28.0
35092 30.0
35092 31.0
35092 28.0
35086 29.0
35074 30.0
35034 35.0
35031 33.0
35005 29.0
34987 30.0
34986 30.0
34982 30.0
34951 30.0
34908 28.0
34888 29.0
34847 30.0
34809 30.0
34787 31.0
34782 32.0
34779 32.0
34779 33.0
34779 32.0
34779 31.0
34779 31.0
34779 33.0
34771 29.0
34771 30.0
34733 30.0
34698 32.0
34698 32.0
34690 31.0
34690 40.0
34673 46.0
34668 34.0
34668 33.0
34668 31.0
34655 31.0
34641 32.0
34641 34.0
34641 34.0
34640 35.0
34638 52.0
34638 45.0
34638 43.0
34628 49.0
34628 50.0
34608 46.0
34604 45.0
34604 34.0
34588 31.0
34559 30.0
34543 30.0
34543 31.0
34506 32.0
34506 29.0
34469 32.0
34469 30.0
34453 28.0
34453 31.0
34453 30.0
34453 30.0
34453 32.0
34448 34.0
34426 47.0
34414 47.0
34387 32.0
34350 30.0
34335 31.0
34328 30.0
34328 30.0
34328 30.0
34328 29.0
34323 29.0
34303 30.0
34303 31.0
34303 34.0
34269 34.0
34269 34.0
34269 35.0
34269 34.0
34253 34.0
34227 34.0
34227 34.0
34197 34.0
34197 34.0
34115 34.0
34115 34.0
34115 64.0
34115 38.0
34064 35.0
34058 31.0
34050 31.0
34010 34.0
33983 34.0
33983 34.0
33950 35.0
33914 45.0
33884 37.0
33884 48.0
33884 44.0
33878 38.0
33878 44.0
33878 40.0
33861 39.0
33852 35.0
33829 36.0
33818 33.0
33810 31.0
33786 32.0
33726 32.0
33726 32.0
33726 31.0
33714 30.0
33701 29.0
33701 30.0
33685 30.0
33679 30.0
33679 30.0
33679 28.0
33679 30.0
33679 31.0
33670 33.0
33670 32.0
33670 43.0
33617 45.0
33588 39.0
33588 53.0
33585 44.0
33585 43.0
33578 43.0
33578 44.0
33568 40.0
33568 35.0
33568 31.0
33552 32.0
33545 33.0
33545 34.0
33545 46.0
33539 43.0
33510 42.0
33508 42.0
33508 43.0
33486 46.0
33486 40.0
33479 39.0
33479 39.0
33444 46.0
33444 31.0
33444 36.0
33444 43.0
33444 49.0
33425 46.0
33425 40.0
33425 37.0
33420 34.0
33410 32.0
33410 41.0
33410 35.0
33390 34.0
33390 37.0
33344 32.0
33344 32.0
33324 31.0
33324 31.0
33283 31.0
33273 32.0
33207 35.0
33207 33.0
33207 35.0
33207 31.0
33202 32.0
33202 32.0
33147 31.0
33147 33.0
33093 34.0
33083 33.0
33083 33.0
33057 33.0
33050 32.0
33026 36.0
33010 32.0
33010 32.0
33010 42.0
33010 39.0
33010 37.0
33010 31.0
32938 31.0
32938 31.0
32928 31.0
32887 32.0
32887 34.0
32887 33.0
32868 34.0
32808 33.0
32796 31.0
32791 32.0
32791 31.0
32791 30.0
32791 32.0
32791 31.0
32740 32.0
32732 31.0
32727 32.0
32705 32.0
32705 31.0
32705 31.0
32705 31.0
32666 31.0
32666 31.0
32666 31.0
32643 30.0
32637 31.0
32619 31.0
32579 30.0
32579 31.0
32579 30.0
32554 30.0
32535 31.0
32532 31.0
32522 30.0
32487 31.0
32487 28.0
32487 31.0
32487 31.0
32487 31.0
32487 31.0
32487 31.0
32463 31.0
32463 33.0
32447 36.0
32429 34.0
32429 30.0
32429 31.0
32426 29.0
32412 35.0
32399 57.0
32363 52.0
32360 50.0
32357 40.0
32357 34.0
32330 36.0
32319 32.0
32319 32.0
32319 30.0
32319 31.0
32308 31.0
32308 29.0
32308 30.0
32308 32.0
32308 33.0
32308 38.0
32308 31.0
32308 31.0
32308 31.0
32308 35.0
32250 40.0
32239 40.0
32220 39.0
32220 41.0
32200 40.0
32188 40.0
32188 33.0
32179 38.0
32129 44.0
32129 48.0
32116 39.0
32099 49.0
32099 36.0
32099 35.0
32099 39.0
32081 35.0
32068 35.0
32058 42.0
32058 46.0
32058 38.0
32058 36.0
32058 36.0
32011 36.0
32011 34.0
32011 35.0
32011 31.0
31929 31.0
31929 31.0
31929 38.0
31929 32.0
31921 31.0
31905 29.0
31905 30.0
31905 30.0
31899 30.0
31870 31.0
31870 31.0
31831 49.0
31784 32.0
31784 30.0
31738 31.0
31690 35.0
31671 37.0
31614 47.0
31614 45.0
31614 65.0
31614 68.0
31596 90.0
31595 56.0
31595 60.0
31595 97.0
31579 87.0
31564 38.0
31563 31.0
31490 36.0
31490 34.0
31490 44.0
31473 50.0
31473 44.0
31473 34.0
31461 35.0
31430 34.0
31411 34.0
31411 35.0
31411 31.0
31409 32.0
31395 34.0
31385 35.0
31385 33.0
31385 32.0
31385 35.0
31378 43.0
31378 37.0
31378 36.0
31372 35.0
31372 32.0
31372 32.0
31372 30.0
31343 32.0
31343 33.0
31343 36.0
31343 35.0
31331 36.0
31323 37.0
31323 36.0
31323 34.0
31314 47.0
31314 37.0
31275 33.0
31275 32.0
31238 31.0
31238 32.0
31238 32.0
31238 31.0
31236 32.0
31236 32.0
31236 31.0
31183 31.0
31183 31.0
31183 31.0
31178 33.0
31178 32.0
31147 45.0
31147 36.0
31147 34.0
31142 33.0
31121 29.0
31121 31.0
31121 31.0
31088 34.0
31087 30.0
31087 32.0
31081 31.0
31080 31.0
31071 30.0
31029 48.0
30982 31.0
30982 32.0
30982 31.0
30978 31.0
30978 37.0
30971 32.0
30971 32.0
30971 34.0
30971 33.0
30971 32.0
30971 32.0
30971 32.0
30937 32.0
30932 31.0
30922 32.0
30922 32.0
30915 31.0
30908 28.0
30877 30.0
30877 32.0
30877 31.0
30877 32.0
30877 33.0
30877 30.0
30863 29.0
30855 30.0
30844 30.0
30841 34.0
30841 30.0
30841 31.0
30833 32.0
30816 30.0
30815 41.0
30773 31.0
30773 37.0
30773 42.0
30773 58.0
30773 36.0
30747 33.0
30732 34.0
30732 34.0
30729 37.0
30725 33.0
30722 32.0
30680 31.0
30680 30.0
30662 33.0
30652 30.0
30652 31.0
30645 32.0
30603 38.0
30593 32.0
30593 33.0
30593 31.0
30577 31.0
30577 33.0
30577 32.0
30577 31.0
30577 30.0
30577 30.0
30577 30.0
30577 30.0
30577 31.0
30577 31.0
30577 57.0
30577 66.0
30577 43.0
30573 52.0
30558 47.0
30558 38.0
30540 37.0
30532 35.0
30529 37.0
30522 40.0
30510 36.0
30510 35.0
30510 52.0
30510 111.0
30510 32.0
30510 32.0
30497 36.0
30431 33.0
30429 34.0
30429 33.0
30407 31.0
30407 31.0
30396 38.0
30396 47.0
30396 33.0
30396 31.0
30396 35.0
30396 43.0
30396 50.0
30396 78.0
30385 72.0
30341 71.0
30341 68.0
30341 80.0
30341 59.0
30315 124.0
30315 43.0
30315 31.0
30293 35.0
30293 53.0
30277 69.0
30268 45.0
30268 40.0
30268 36.0
30249 33.0
30249 32.0
30249 34.0
30249 32.0
30249 30.0
30249 32.0
30242 32.0
30234 29.0
30234 32.0
30234 33.0
30228 32.0
30224 31.0
30224 33.0
30213 32.0
30208 31.0
30199 33.0
30199 30.0
30199 31.0
30199 33.0
30133 29.0
30127 33.0
30127 55.0
30127 32.0
30127 32.0
30127 36.0
30127 32.0
30127 36.0
30114 36.0
30092 31.0
30084 48.0
30076 52.0
30060 42.0
30060 39.0
30044 38.0
30044 32.0
30044 43.0
30018 35.0
29970 32.0
29970 31.0
29959 31.0
29942 30.0
29913 31.0
29913 30.0
29913 31.0
29913 35.0
29896 33.0
29870 33.0
29850 30.0
29841 31.0
29815 34.0
29810 34.0
29752 30.0
29734 31.0
29709 31.0
29709 31.0
29709 32.0
29697 33.0
29697 35.0
29666 61.0
29666 59.0
29666 44.0
29662 49.0
29662 91.0
29660 70.0
29636 57.0
29634 66.0
29620 58.0
29612 39.0
29579 34.0
29579 34.0
29569 34.0
29556 36.0
29530 35.0
29523 38.0
29473 39.0
29473 38.0
29473 62.0
29473 57.0
29473 35.0
29464 33.0
29463 39.0
29463 33.0
29463 32.0
29463 36.0
29463 34.0
29463 30.0
29448 31.0
29448 33.0
29448 32.0
29400 36.0
29400 45.0
29391 39.0
29391 42.0
29391 39.0
29359 35.0
29359 35.0
29359 31.0
29349 29.0
29349 33.0
29349 35.0
29349 31.0
29349 33.0
29345 36.0
29345 30.0
29345 32.0
29334 32.0
29333 35.0
29333 30.0
29333 30.0
29333 34.0
29327 34.0
29327 34.0
29306 49.0
29306 46.0
29306 35.0
29281 34.0
29281 31.0
29281 40.0
29281 33.0
29281 34.0
29281 31.0
29281 31.0
29278 29.0
29278 31.0
29278 28.0
29278 31.0
29278 30.0
29276 31.0
29276 31.0
29276 33.0
29272 33.0
29272 33.0
29272 32.0
29272 33.0
29272 31.0
29272 32.0
29268 35.0
29268 32.0
29262 32.0
29262 30.0
29262 31.0
29262 31.0
29262 31.0
29262 31.0
29262 31.0
29262 33.0
29262 56.0
29262 51.0
29213 49.0
29213 68.0
29213 78.0
29212 83.0
29212 51.0
29204 56.0
29204 51.0
29204 45.0
29183 34.0
29176 34.0
29176 33.0
29176 37.0
29170 35.0
29170 40.0
29170 38.0
29144 58.0
29144 50.0
29144 34.0
29144 39.0
29115 38.0
29115 34.0
29115 35.0
29113 32.0
29113 32.0
29100 33.0
29100 33.0
29100 33.0
29063 32.0
29063 33.0
29063 35.0
29060 42.0
28975 35.0
28929 34.0
28929 33.0
28929 32.0
28929 32.0
28922 32.0
28920 32.0
28898 32.0
28898 33.0
28894 34.0
28894 33.0
28885 30.0
28867 34.0
28857 38.0
28853 31.0
28853 32.0
28840 34.0
28840 49.0
28840 47.0
28790 45.0
28790 36.0
28790 34.0
28790 34.0
28720 44.0
28720 35.0
28719 32.0
28719 34.0
28719 32.0
28718 34.0
28623 35.0
28595 36.0
28595 38.0
28595 36.0
28570 34.0
28570 31.0
28551 31.0
28551 35.0
28551 32.0
28551 29.0
28551 31.0
28551 31.0
28551 32.0
28551 30.0
28546 30.0
28546 30.0
28539 33.0
28539 56.0
28539 60.0
28490 51.0
28450 53.0
28444 43.0
28436 35.0
28429 38.0
28416 34.0
28393 36.0
28388 43.0
28381 33.0
28368 38.0
28368 117.0
28340 40.0
28340 31.0
28340 33.0
28340 35.0
28340 35.0
28302 31.0
28302 42.0
28302 32.0
28302 37.0
28302 31.0
28279 33.0
28276 33.0
28249 31.0
28249 31.0
28249 32.0
28249 32.0
28249 32.0
28223 32.0
28198 36.0
28198 48.0
28186 35.0
28178 32.0
28178 28.0
28169 31.0
28169 33.0
28169 32.0
28169 38.0
28138 35.0
28107 50.0
28107 32.0
28087 31.0
28087 30.0
28087 35.0
28087 29.0
28080 30.0
28068 31.0
28068 30.0
28068 31.0
28068 29.0
28068 30.0
28068 39.0
28068 33.0
28060 33.0
28060 31.0
28045 33.0
28045 32.0
28036 31.0
28036 31.0
27992 32.0
27992 45.0
27991 32.0
27991 40.0
27991 31.0
27990 32.0
27982 31.0
27961 28.0
27959 37.0
27959 31.0
27959 32.0
27959 45.0
27959 47.0
27935 33.0
27914 33.0
27908 32.0
27908 33.0
27908 31.0
27908 32.0
27908 34.0
27908 33.0
27908 31.0
27908 34.0
27906 34.0
27906 34.0
27838 28.0
27762 27.0
27762 29.0
27726 27.0
27706 28.0
27706 24.0
27706 25.0
27706 27.0
27706 25.0
27698 30.0
27687 29.0
27687 29.0
27687 26.0
27680 26.0
27671 28.0
27651 32.0
27651 27.0
27651 28.0
27638 29.0
27638 28.0
27638 30.0
27638 25.0
27638 29.0
27577 30.0
27565 26.0
27481 25.0
27458 25.0
27458 25.0
27458 24.0
27443 26.0
27443 26.0
27443 28.0
27443 29.0
27411 29.0
27402 28.0
27402 30.0
27402 28.0
27383 27.0
27358 26.0
27358 26.0
27355 29.0
27355 28.0
27330 27.0
27330 27.0
27300 26.0
27295 27.0
27295 33.0
27295 25.0
27295 25.0
27280 35.0
27280 31.0
27280 26.0
27280 28.0
27280 27.0
27238 28.0
27238 28.0
27219 26.0
27219 25.0
27219 28.0
