First MST18179 94.0
18170 12.0
18163 12.0
18163 14.0
18159 11.0
18151 11.0
18145 7.0
18110 7.0
18110 7.0
18106 6.0
18083 8.0
18064 6.0
18064 7.0
18058 6.0
18053 6.0
18032 8.0
18032 6.0
18024 6.0
17996 6.0
17977 6.0
17977 6.0
17977 9.0
17977 10.0
17962 10.0
17962 10.0
17949 10.0
17883 8.0
17883 6.0
17872 6.0
17872 6.0
17872 6.0
17872 6.0
17831 6.0
17824 6.0
17800 6.0
17790 9.0
17790 12.0
17777 6.0
17776 6.0
17775 6.0
17775 6.0
17765 6.0
17754 6.0
17722 6.0
17722 7.0
17722 6.0
17722 8.0
17713 9.0
17703 14.0
17703 11.0
17703 13.0
17672 12.0
17672 13.0
17663 9.0
17636 11.0
17636 10.0
17636 10.0
17636 8.0
17618 5.0
17618 5.0
17618 5.0
17595 5.0
17580 5.0
17552 5.0
17552 5.0
17540 5.0
17540 5.0
17540 6.0
17518 5.0
17518 8.0
17506 7.0
17506 11.0
17487 8.0
17487 12.0
17480 8.0
17480 5.0
17465 6.0
17439 5.0
17439 8.0
17439 6.0
17426 5.0
17426 5.0
17406 5.0
17383 5.0
17383 5.0
17368 5.0
17362 5.0
17362 5.0
17362 5.0
17304 6.0
17301 5.0
17233 6.0
17233 5.0
17233 5.0
17233 5.0
17217 5.0
17217 12.0
17194 14.0
17189 9.0
17186 10.0
17186 13.0
17168 9.0
17165 11.0
17165 14.0
17165 15.0
17123 8.0
17059 8.0
17059 9.0
17059 11.0
17020 9.0
17001 10.0
17000 11.0
16995 11.0
16981 8.0
16966 9.0
16944 11.0
16944 10.0
16944 9.0
16941 9.0
16941 9.0
16941 11.0
16941 8.0
16936 6.0
16934 8.0
16923 8.0
16923 6.0
16922 5.0
16922 5.0
16906 8.0
16861 5.0
16844 5.0
16839 8.0
16839 6.0
16839 7.0
16839 5.0
16839 6.0
16839 6.0
16818 7.0
16818 6.0
16811 8.0
16783 8.0
16783 5.0
16783 5.0
16783 5.0
16775 5.0
16752 5.0
16752 5.0
16752 5.0
16732 5.0
16732 5.0
16721 5.0
16707 5.0
16696 5.0
16696 5.0
16696 5.0
16696 5.0
16696 5.0
16637 5.0
16609 5.0
16571 5.0
16545 5.0
16513 5.0
16513 5.0
16510 5.0
16494 5.0
16450 5.0
16432 5.0
16428 6.0
16427 5.0
16411 5.0
16403 5.0
16403 5.0
16403 6.0
16403 5.0
16376 5.0
16376 5.0
16376 5.0
16376 5.0
16329 5.0
16329 5.0
16327 5.0
16327 5.0
16327 5.0
16327 5.0
16327 5.0
16327 5.0
16327 5.0
16327 5.0
16318 5.0
16295 5.0
16293 5.0
16293 6.0
16285 5.0
16268 5.0
16268 5.0
16268 5.0
16249 8.0
16244 7.0
16244 6.0
16240 6.0
16240 6.0
16226 9.0
16209 9.0
16198 9.0
16193 9.0
16157 9.0
16157 8.0
16157 9.0
16157 9.0
16110 9.0
16110 9.0
16110 9.0
16110 9.0
16110 9.0
16076 9.0
16076 9.0
16041 9.0
15994 9.0
15994 9.0
15994 9.0
15976 9.0
15966 9.0
15966 9.0
15966 9.0
15926 9.0
15926 9.0
15926 8.0
15926 5.0
15898 5.0
15898 5.0
15898 5.0
15898 5.0
15898 5.0
15883 5.0
15883 5.0
15866 5.0
15864 5.0
15857 5.0
15857 5.0
15857 6.0
15857 6.0
15837 5.0
15837 5.0
15837 5.0
15763 5.0
15736 5.0
15736 5.0
15685 5.0
15670 5.0
15658 5.0
15632 5.0
15632 5.0
15592 5.0
15588 5.0
15588 5.0
15547 6.0
15547 6.0
15529 5.0
15525 5.0
15517 5.0
15516 5.0
15516 5.0
15516 5.0
15516 5.0
15498 5.0
15483 5.0
15483 5.0
15476 5.0
15458 5.0
15458 5.0
15458 5.0
15458 5.0
15458 5.0
15430 6.0
15380 5.0
15380 5.0
15379 5.0
15367 6.0
15367 5.0
15354 5.0
15354 6.0
15354 7.0
15349 5.0
15349 5.0
15349 5.0
15349 6.0
15329 6.0
15319 6.0
15319 7.0
15319 7.0
15315 7.0
15274 5.0
15274 6.0
15274 6.0
15259 5.0
15259 5.0
15259 6.0
15259 6.0
15230 5.0
15230 6.0
15230 6.0
15230 6.0
15230 6.0
15202 5.0
15202 6.0
15202 6.0
15202 6.0
15145 6.0
15145 5.0
15145 5.0
15118 6.0
15118 6.0
15118 6.0
15102 6.0
15091 6.0
15091 6.0
15086 6.0
15076 5.0
14999 5.0
14999 6.0
14999 6.0
14999 5.0
14997 6.0
14947 5.0
14923 6.0
14923 5.0
14923 6.0
14889 5.0
14889 7.0
14854 6.0
14853 8.0
14853 5.0
14840 5.0
14840 5.0
14840 5.0
14840 5.0
14840 6.0
14840 6.0
14814 6.0
14814 5.0
14814 5.0
14814 6.0
14814 5.0
14814 6.0
14810 6.0
14810 5.0
14803 5.0
14796 6.0
14796 6.0
14796 6.0
14796 6.0
14729 6.0
14729 6.0
14668 6.0
14666 5.0
14648 5.0
14644 6.0
14644 7.0
14644 7.0
14640 7.0
14640 6.0
14637 7.0
14614 7.0
14609 6.0
14585 6.0
14545 5.0
14545 6.0
14545 6.0
14531 5.0
14522 6.0
14522 6.0
14522 6.0
14510 6.0
14510 6.0
14510 6.0
14510 7.0
14510 6.0
14510 6.0
14510 6.0
14510 6.0
14510 6.0
14458 6.0
14407 6.0
14394 6.0
14393 6.0
14374 5.0
14366 6.0
14328 5.0
14322 6.0
14322 6.0
14318 6.0
14293 6.0
14286 5.0
14286 6.0
14286 5.0
14286 6.0
14248 5.0
14241 6.0
14241 6.0
14241 6.0
14241 5.0
14241 6.0
14233 6.0
14233 6.0
14231 6.0
14231 6.0
14231 6.0
14228 6.0
14224 6.0
14224 6.0
14224 6.0
14162 6.0
14159 6.0
14159 6.0
14149 6.0
14113 6.0
14113 6.0
14097 6.0
14091 5.0
14091 5.0
14091 5.0
14090 5.0
14090 6.0
14060 6.0
14059 6.0
14050 6.0
14050 6.0
14050 6.0
14048 6.0
14048 5.0
14048 6.0
14048 6.0
14047 6.0
14047 6.0
14047 6.0
14047 6.0
14047 6.0
14042 6.0
14042 6.0
14015 6.0
14015 6.0
13992 6.0
13975 6.0
13975 6.0
13965 6.0
13965 6.0
13965 6.0
13938 6.0
13938 6.0
13912 6.0
13908 6.0
13908 6.0
13908 6.0
13874 6.0
13866 5.0
13862 6.0
13817 5.0
13817 6.0
13797 6.0
13797 6.0
13788 5.0
13781 6.0
13781 5.0
13781 5.0
13773 6.0
13773 6.0
13773 5.0
13708 6.0
13708 6.0
13679 5.0
13673 5.0
13673 6.0
13673 6.0
13673 5.0
13670 6.0
13670 5.0
13670 6.0
13670 6.0
13670 6.0
13670 6.0
13670 6.0
13614 6.0
13614 6.0
13614 6.0
13614 6.0
13559 6.0
13559 6.0
13559 6.0
13556 5.0
13555 5.0
13543 6.0
13535 6.0
13535 6.0
13535 6.0
13535 6.0
13535 6.0
13535 5.0
13524 6.0
13513 6.0
13513 5.0
13513 6.0
13513 6.0
13513 6.0
13513 6.0
13491 6.0
13491 6.0
13491 6.0
13491 6.0
13491 6.0
13481 6.0
13481 6.0
13474 6.0
13473 6.0
13441 6.0
13441 6.0
13441 6.0
13441 6.0
13438 6.0
13438 6.0
13438 6.0
13430 6.0
13412 6.0
13402 6.0
13384 6.0
13384 6.0
13384 6.0
13384 6.0
13384 6.0
13379 6.0
13379 6.0
13379 6.0
13379 6.0
13379 6.0
13379 6.0
13379 6.0
13375 6.0
13375 6.0
13366 6.0
13366 6.0
13359 6.0
13282 6.0
13282 6.0
13281 6.0
13281 6.0
13281 6.0
13281 6.0
13281 6.0
13273 6.0
13260 6.0
13256 6.0
13256 6.0
13256 6.0
13239 6.0
13239 6.0
13224 6.0
13221 6.0
13187 6.0
13187 6.0
13187 6.0
13187 6.0
13187 6.0
13187 6.0
13184 6.0
13184 6.0
13184 6.0
13183 6.0
13183 6.0
13167 6.0
13148 6.0
13142 6.0
13106 6.0
13106 6.0
13097 6.0
13097 6.0
13080 6.0
13080 6.0
13080 6.0
13080 6.0
13080 6.0
13080 6.0
13080 6.0
13041 6.0
13041 6.0
13041 6.0
13041 6.0
13041 6.0
13041 6.0
13041 6.0
13041 6.0
13026 6.0
13024 6.0
13006 6.0
13006 6.0
12949 6.0
12929 6.0
12893 6.0
12873 6.0
12871 6.0
12871 7.0
12871 6.0
12871 6.0
12854 6.0
12854 6.0
12843 6.0
12829 6.0
12826 6.0
12826 6.0
12826 6.0
12826 5.0
12826 6.0
12826 6.0
12826 6.0
12826 6.0
12821 6.0
12821 6.0
12821 6.0
12821 6.0
12791 6.0
12773 6.0
12773 6.0
12773 6.0
12773 6.0
12753 6.0
12753 6.0
12751 6.0
12751 6.0
12751 6.0
12739 6.0
12731 6.0
12731 6.0
12731 6.0
12725 6.0
12725 7.0
12725 6.0
12725 6.0
12692 6.0
12692 6.0
12692 7.0
12672 6.0
12672 6.0
12672 6.0
12669 6.0
12669 6.0
12667 6.0
12647 6.0
12647 6.0
12638 6.0
12638 6.0
12638 6.0
12598 6.0
12594 6.0
12594 6.0
12594 6.0
12594 6.0
12588 6.0
12588 6.0
12588 6.0
12588 7.0
12563 6.0
12525 6.0
12525 6.0
12478 6.0
12469 6.0
12469 7.0
12454 6.0
12454 6.0
12454 6.0
12454 6.0
12454 6.0
12454 6.0
12445 6.0
12425 6.0
12425 6.0
12425 7.0
12425 7.0
12425 8.0
12410 6.0
12399 7.0
12399 6.0
12386 6.0
12386 6.0
12386 6.0
12386 7.0
12382 6.0
12377 6.0
12377 6.0
12377 6.0
12348 6.0
12348 6.0
12333 6.0
12333 6.0
12333 6.0
12329 6.0
12329 6.0
12317 6.0
12311 6.0
12311 5.0
12301 5.0
12301 5.0
12288 6.0
12288 7.0
12261 6.0
12254 6.0
12254 6.0
12248 6.0
12248 7.0
12248 6.0
12248 6.0
12248 6.0
12248 6.0
12188 7.0
12188 6.0
12188 6.0
12171 6.0
12171 7.0
12171 8.0
12171 5.0
12135 6.0
12135 6.0
12135 7.0
12130 7.0
12130 6.0
12130 6.0
12130 6.0
12130 6.0
12130 6.0
12130 6.0
12130 6.0
12130 6.0
12130 6.0
12130 6.0
12129 6.0
12129 6.0
12127 6.0
12127 6.0
12124 6.0
12099 6.0
12099 6.0
12099 6.0
12099 6.0
12099 6.0
12099 6.0
12085 6.0
12085 6.0
12085 6.0
12085 6.0
12073 6.0
12073 6.0
12073 6.0
12073 6.0
12061 6.0
12043 6.0
12043 6.0
12043 6.0
12043 6.0
12043 7.0
12043 6.0
12043 6.0
12032 6.0
12032 6.0
12032 6.0
12028 6.0
12028 6.0
12028 6.0
12028 6.0
12028 6.0
12028 6.0
12028 6.0
11991 6.0
11979 7.0
11979 6.0
11979 6.0
11979 6.0
11979 5.0
11979 6.0
11979 6.0
11979 6.0
11979 6.0
11979 6.0
11979 6.0
11979 5.0
11979 6.0
11979 6.0
11979 6.0
11968 6.0
11968 6.0
11968 6.0
11968 5.0
11959 6.0
11959 6.0
11959 7.0
11954 6.0
11954 6.0
11954 6.0
11924 6.0
11924 6.0
11924 6.0
11924 6.0
11907 6.0
11907 6.0
11907 6.0
11907 6.0
11899 6.0
11890 6.0
11878 6.0
11878 6.0
11878 6.0
11878 6.0
11878 7.0
11864 7.0
11862 6.0
11862 13.0
11862 8.0
11862 7.0
11862 6.0
11831 6.0
11829 6.0
11824 6.0
11824 7.0
11824 6.0
11824 7.0
11820 6.0
11812 6.0
11806 6.0
11806 6.0
11806 7.0
11783 6.0
11783 6.0
11783 6.0
11783 6.0
11783 6.0
11783 6.0
11783 6.0
11765 6.0
11765 6.0
11760 7.0
11760 6.0
11760 8.0
11760 6.0
11740 6.0
11726 6.0
11726 5.0
11726 6.0
11690 6.0
11690 6.0
11667 6.0
11667 6.0
11667 6.0
11667 7.0
11667 6.0
11667 6.0
11667 6.0
11667 6.0
11651 6.0
11651 6.0
11644 6.0
11644 6.0
11644 6.0
11631 6.0
11631 6.0
11617 6.0
11600 6.0
11591 6.0
11591 7.0
11577 6.0
11576 6.0
11534 6.0
11534 9.0
11534 9.0
11515 8.0
11515 6.0
11515 6.0
11515 6.0
11515 6.0
11512 6.0
11512 8.0
11512 9.0
11512 7.0
11512 9.0
11512 11.0
11502 10.0
11502 6.0
11502 6.0
11491 7.0
11491 7.0
11491 7.0
11491 7.0
11458 7.0
11458 6.0
11457 7.0
11443 6.0
11443 7.0
11423 7.0
11423 6.0
11423 6.0
11423 7.0
11415 6.0
11415 7.0
11415 7.0
11412 7.0
11412 7.0
11412 7.0
11406 7.0
11376 7.0
11376 6.0
11376 7.0
11376 6.0
11376 8.0
11376 6.0
11376 7.0
11376 6.0
11362 7.0
11362 7.0
11362 6.0
11345 6.0
11338 7.0
11338 6.0
11325 6.0
11325 6.0
11319 6.0
11319 6.0
11319 6.0
11298 6.0
11298 6.0
11298 6.0
11285 10.0
11285 6.0
11285 7.0
11285 6.0
11285 7.0
11283 6.0
11281 6.0
11273 6.0
11239 6.0
11239 6.0
11239 6.0
11229 6.0
11229 6.0
11229 6.0
11229 6.0
11229 6.0
11229 6.0
11154 6.0
11103 8.0
11103 7.0
11085 11.0
11082 10.0
11082 10.0
11082 9.0
11082 10.0
11072 11.0
11064 11.0
11047 11.0
11047 11.0
11047 10.0
11046 9.0
11045 11.0
11004 11.0
11004 11.0
11004 11.0
10990 10.0
10990 7.0
10990 7.0
10990 9.0
10990 8.0
10981 6.0
10957 6.0
10955 6.0
10951 6.0
10951 7.0
10951 6.0
10934 6.0
10934 6.0
10934 6.0
10934 6.0
10924 6.0
10924 7.0
10924 7.0
10924 6.0
10922 6.0
10897 6.0
10877 6.0
10868 6.0
10854 6.0
10827 9.0
10827 8.0
10803 6.0
10782 7.0
10782 6.0
10782 6.0
10782 6.0
10782 6.0
10782 6.0
10782 6.0
10782 6.0
10782 6.0
10782 6.0
10764 6.0
10753 6.0
10753 6.0
10753 6.0
