First MST595477 230654.0
595378 12470.0
595378 10984.0
595376 11284.0
595376 14558.0
595374 13670.0
595372 12857.0
595330 13899.0
595330 11921.0
595298 13117.0
595292 13431.0
595289 12324.0
595282 11886.0
595282 13358.0
595279 14421.0
595276 11335.0
595276 11274.0
595276 11459.0
595273 13316.0
595257 11410.0
595257 13713.0
595210 12555.0
595210 13410.0
595183 13093.0
595183 13635.0
595137 14114.0
595131 12529.0
595131 13748.0
595113 12808.0
595113 12383.0
595113 13137.0
595112 12629.0
595109 14635.0
595106 16523.0
595106 13437.0
595082 13943.0
595063 13653.0
595056 12995.0
595056 12457.0
595031 12662.0
594988 15358.0
594955 13825.0
594955 13990.0
594882 13426.0
594882 13262.0
594856 15560.0
594847 12765.0
594842 12082.0
594753 13111.0
594753 12006.0
594736 11712.0
594672 12997.0
594672 12822.0
594660 12558.0
594620 14325.0
594619 13246.0
594614 13900.0
594594 13257.0
594570 13128.0
594570 12614.0
594568 13664.0
594543 13997.0
594543 13481.0
594533 14091.0
594533 13640.0
594455 12954.0
594454 13386.0
594454 14474.0
594454 12513.0
594454 14515.0
594454 12910.0
594454 13928.0
594453 12068.0
594453 12080.0
594447 13638.0
594447 13793.0
594385 15085.0
594385 12555.0
594385 11836.0
594385 12987.0
594324 13799.0
594324 15252.0
594297 13674.0
594297 13861.0
594297 13739.0
594247 13454.0
594219 13910.0
594219 11664.0
594219 13221.0
594178 13019.0
594153 11755.0
594153 12621.0
594153 11947.0
594153 11359.0
594132 12689.0
594097 13575.0
594097 11618.0
594069 13149.0
594068 12964.0
594033 13800.0
594033 11444.0
594019 11519.0
593954 11542.0
593947 11582.0
593947 11753.0
593937 11139.0
593935 11598.0
593925 11359.0
593925 11310.0
593925 12276.0
593911 11698.0
593872 11390.0
593872 12432.0
593847 12748.0
593828 12817.0
593828 13195.0
593816 11555.0
593814 11439.0
593785 11657.0
593785 12969.0
593785 13613.0
593785 14188.0
593785 11801.0
593770 11464.0
593759 11678.0
593759 11646.0
593716 11693.0
593716 11776.0
593709 11738.0
593697 11380.0
593654 12168.0
593606 16628.0
593566 16683.0
593554 14681.0
593554 12331.0
593497 11930.0
593497 11693.0
593486 11792.0
593486 12489.0
593460 13387.0
593446 11826.0
593446 11571.0
593446 11834.0
593413 11941.0
593413 11489.0
593407 11749.0
593407 12309.0
593407 11986.0
593394 11415.0
593393 11691.0
593393 11841.0
593340 11519.0
593305 11496.0
593289 11819.0
593289 11634.0
593289 11923.0
593289 11593.0
593261 12900.0
593224 12803.0
593178 12907.0
593161 14422.0
593134 12911.0
593134 12651.0
593134 12026.0
593134 13533.0
593134 12640.0
593094 13053.0
593048 14267.0
593037 13532.0
593026 12066.0
593026 12047.0
593015 12765.0
593009 12399.0
593000 15852.0
592972 22899.0
592972 22780.0
