First MST298644 26615.0
298624 2819.0
298605 3498.0
298576 3210.0
298576 3584.0
298556 3304.0
298498 3007.0
298498 3002.0
298498 2926.0
298485 3678.0
298462 3041.0
298448 3365.0
298448 3007.0
298445 2831.0
298442 2596.0
298436 2519.0
298436 2554.0
298428 2511.0
298428 2608.0
298420 2541.0
298420 2637.0
298399 2580.0
298399 2779.0
298395 2584.0
298395 2732.0
298373 2593.0
298368 2558.0
298368 2689.0
298359 2721.0
298350 2624.0
298350 2708.0
298350 2659.0
298339 2739.0
298333 2704.0
298333 2634.0
298298 2664.0
298281 2771.0
298265 2512.0
298246 2618.0
298229 2711.0
298208 2674.0
298189 2609.0
298174 2640.0
298166 2743.0
298166 2713.0
298165 2632.0
298165 2508.0
298162 2740.0
298154 2718.0
298154 2585.0
298134 2598.0
298096 2836.0
298096 2703.0
298085 2666.0
298021 2625.0
297978 2678.0
297978 2772.0
297977 2714.0
297977 2680.0
297977 2619.0
297925 2756.0
297919 2763.0
297919 2658.0
297912 2713.0
297912 2710.0
297912 2757.0
297912 2602.0
297912 2554.0
297885 2702.0
297885 2904.0
297885 3959.0
297885 3122.0
297848 3076.0
297848 3781.0
297845 3522.0
297845 3874.0
297806 2929.0
297754 2936.0
297754 3033.0
297754 2931.0
297700 3097.0
297700 2568.0
297691 2553.0
297637 2495.0
297614 2497.0
297603 2624.0
297594 2596.0
297593 2498.0
297593 2570.0
297584 2533.0
297580 2537.0
297580 2625.0
297580 2538.0
297580 2837.0
297567 2972.0
297567 2610.0
297567 2567.0
297566 2556.0
297566 2757.0
297488 2806.0
297488 2575.0
297465 2637.0
297446 2670.0
297441 2646.0
297441 2557.0
297436 2516.0
297435 2589.0
297390 2588.0
297390 2682.0
297363 2675.0
297335 2647.0
297319 2672.0
297312 2734.0
297234 2683.0
297229 2764.0
297164 2744.0
297164 2702.0
297144 2548.0
297137 2538.0
297137 2551.0
297131 2617.0
297131 2654.0
297131 2531.0
297129 2704.0
297117 2696.0
297117 2763.0
297115 2667.0
297115 2640.0
297115 2738.0
297115 2662.0
297042 2627.0
297024 2624.0
297024 2634.0
297024 2745.0
297024 2694.0
296995 2617.0
296995 2657.0
296991 2704.0
296991 2788.0
296948 2617.0
296948 2659.0
296948 2773.0
296917 2648.0
296915 2750.0
296915 2682.0
296885 2773.0
296885 2710.0
296885 2538.0
296872 2639.0
296872 2733.0
296806 2747.0
296749 2642.0
296749 2598.0
296727 2674.0
296710 2676.0
296710 2737.0
296710 2735.0
296627 2715.0
296622 2660.0
296622 2791.0
296610 2668.0
296555 2755.0
296555 2687.0
296553 2716.0
296538 2544.0
296518 2684.0
296506 2649.0
296470 2618.0
296458 2673.0
296452 2571.0
296414 2708.0
296414 3050.0
296414 2537.0
296414 2941.0
296393 3292.0
296393 3044.0
296393 3099.0
296393 3278.0
296392 2924.0
296389 2862.0
296382 2739.0
296382 2590.0
296377 2564.0
296377 2626.0
296353 2637.0
296353 2525.0
296353 2624.0
296353 2606.0
296353 2638.0
296315 2510.0
296308 2533.0
296308 2576.0
296295 2644.0
296282 2543.0
296282 2647.0
296282 2587.0
296272 2666.0
296272 2551.0
296264 2657.0
296245 2685.0
296245 2774.0
296245 2616.0
296238 2667.0
296226 2702.0
296226 2696.0
296142 2689.0
296142 2647.0
296103 2661.0
296073 2726.0
296073 2665.0
296073 2643.0
296073 2758.0
296062 2712.0
296062 2686.0
296031 2564.0
296019 2603.0
295998 2603.0
295998 2613.0
295942 2507.0
295942 2535.0
295937 2701.0
295925 2618.0
295873 2606.0
295873 2592.0
295786 2684.0
295786 2607.0
295786 2546.0
295781 2569.0
295730 2654.0
295730 2590.0
295730 2539.0
295730 2545.0
295730 2585.0
295719 2612.0
295706 2719.0
295706 2726.0
295700 3101.0
295700 2913.0
295700 2789.0
295700 2636.0
295700 2702.0
295681 3022.0
295675 3007.0
295675 2689.0
295664 2695.0
295635 2737.0
295635 2916.0
295626 4072.0
295610 3947.0
295586 3890.0
295581 3836.0
295557 3267.0
295546 3066.0
295546 3025.0
295546 3114.0
295527 3116.0
295522 3105.0
295492 3003.0
295489 3064.0
295477 3092.0
295447 2529.0
295406 2560.0
295406 2567.0
295395 2619.0
295388 2591.0
295377 2648.0
295357 2530.0
295338 2565.0
295301 2591.0
295292 2515.0
295292 2731.0
295292 3137.0
295292 3330.0
295222 2988.0
295222 2829.0
295222 2870.0
295136 2758.0
295101 3378.0
295101 2832.0
295084 2994.0
295084 3160.0
295084 2522.0
295064 2596.0
295064 4361.0
295064 3564.0
295064 3176.0
295021 3193.0
294994 3183.0
294978 3215.0
294967 3101.0
294929 3075.0
294920 3173.0
294920 3103.0
294920 3158.0
294904 3092.0
294904 2664.0
294904 2692.0
294904 2715.0
294884 2538.0
294884 2629.0
294884 2695.0
294875 2730.0
294875 2566.0
294864 2597.0
294864 2629.0
294864 2641.0
294846 2559.0
294778 2532.0
294778 2594.0
294778 2586.0
294727 2588.0
294683 2574.0
294667 2602.0
294630 2605.0
294590 2711.0
294590 2544.0
294554 2555.0
294532 2616.0
294511 2633.0
294511 2548.0
294511 2552.0
294511 2621.0
294500 2604.0
294489 2567.0
294489 2540.0
294489 2700.0
294479 2579.0
294474 2571.0
294456 2533.0
294456 2567.0
294423 2591.0
294418 2678.0
294397 2552.0
294397 2613.0
294397 2618.0
294397 2685.0
294397 2520.0
294397 2702.0
294372 3095.0
294357 2577.0
294357 2507.0
294347 2498.0
294347 2530.0
294347 2568.0
294306 2606.0
294290 2504.0
294281 2689.0
294268 2614.0
294268 3140.0
294268 2796.0
294230 3325.0
294230 3106.0
294219 2742.0
294166 2633.0
294155 2806.0
294145 2735.0
294111 2786.0
294111 2639.0
294042 2700.0
294042 2692.0
294042 2723.0
294042 2647.0
294033 2712.0
294033 2789.0
293949 3356.0
293899 4477.0
293899 3565.0
293899 3779.0
293852 3497.0
293837 3226.0
293837 2983.0
293837 3013.0
293793 2951.0
293793 3061.0
293793 2909.0
293793 2978.0
293793 2997.0
293788 2619.0
293788 2567.0
293788 2591.0
293788 2508.0
293750 2545.0
293702 2543.0
293661 2524.0
293657 2503.0
293598 2559.0
293593 2571.0
293559 2543.0
293539 2523.0
293539 2597.0
293539 2729.0
293502 2528.0
293478 2550.0
293478 2575.0
293478 2792.0
293478 2834.0
293474 2549.0
293464 2593.0
293458 2555.0
293440 2589.0
293440 2517.0
293434 2597.0
293423 2588.0
293423 2600.0
293423 2525.0
293409 2469.0
293409 2505.0
293409 2603.0
293409 2553.0
293390 2532.0
293390 2483.0
293383 2548.0
293341 2637.0
293341 2731.0
293338 2556.0
293325 2527.0
293319 2657.0
293304 2607.0
293289 2554.0
293285 2539.0
293278 2545.0
293278 2608.0
293278 2528.0
293270 2564.0
293257 2603.0
293237 2545.0
293237 2532.0
293210 2511.0
293195 2519.0
293195 2566.0
293195 2550.0
293189 2494.0
293189 2502.0
293189 2521.0
293189 2566.0
293112 2525.0
293085 2589.0
293085 2482.0
293075 2561.0
293045 2598.0
293045 2529.0
292994 2524.0
292992 2539.0
292992 2591.0
292942 2509.0
292942 2504.0
292942 2523.0
292930 2592.0
292930 2588.0
292900 2474.0
292827 2493.0
292827 2563.0
292827 2538.0
292796 2525.0
292709 2507.0
292709 2532.0
292709 2552.0
292699 2617.0
292678 2563.0
292673 2611.0
292627 2519.0
292619 2536.0
292617 2582.0
292617 2488.0
292607 2511.0
292607 2550.0
292549 2594.0
292522 2518.0
292522 2591.0
292462 2545.0
292419 2550.0
292419 2487.0
292412 2613.0
292412 2532.0
292408 2575.0
292408 2638.0
292387 2459.0
292387 2511.0
292363 2512.0
292363 2570.0
292363 2504.0
292331 2517.0
292331 2638.0
292331 2565.0
292311 2572.0
292305 2460.0
292305 2489.0
292305 2532.0
292299 2556.0
292270 2573.0
292248 2542.0
292248 2561.0
292248 2586.0
292227 2485.0
292227 2512.0
292219 2547.0
292198 2635.0
292102 2507.0
292102 2483.0
292102 2558.0
292102 2527.0
292102 2564.0
292097 2491.0
292097 2506.0
292079 2522.0
292079 2613.0
292079 2642.0
292055 2584.0
292055 2637.0
292035 2543.0
292023 2593.0
292023 2624.0
292017 2488.0
292000 2567.0
292000 2608.0
292000 2550.0
292000 2499.0
292000 2513.0
292000 2538.0
291994 2609.0
291994 2670.0
291994 2579.0
291991 2508.0
291991 2553.0
291966 2577.0
291953 2519.0
291953 2705.0
291936 3882.0
291933 5635.0
291933 3690.0
291870 2542.0
291870 2534.0
291858 2643.0
291858 2605.0
291858 2991.0
291858 3525.0
291858 3683.0
291801 3318.0
291801 3538.0
291788 2833.0
291761 2725.0
291760 2758.0
291760 2785.0
291760 2688.0
291760 2643.0
291754 2656.0
291754 2757.0
291718 2842.0
291711 2707.0
291704 2653.0
291704 2754.0
291704 2833.0
291704 2524.0
291692 2548.0
291643 2553.0
291640 2587.0
291640 2612.0
291640 2526.0
291640 2526.0
291633 2624.0
291633 2541.0
291607 2638.0
291589 3145.0
291589 2812.0
291589 2676.0
291589 2605.0
291588 2518.0
291565 2606.0
291514 2750.0
291512 3032.0
291494 3255.0
291482 3345.0
291476 5421.0
291476 4218.0
291459 4245.0
291459 3464.0
291459 3701.0
291445 3531.0
291445 3404.0
291445 3453.0
291445 3404.0
291429 3513.0
291429 3802.0
291429 3381.0
291429 3325.0
291429 3350.0
291429 3523.0
291429 3631.0
291429 3559.0
291429 3299.0
291427 3400.0
291411 3736.0
291411 3358.0
291392 3836.0
291337 3113.0
291333 2674.0
291321 2653.0
291320 2673.0
291320 2633.0
291313 2574.0
291313 2570.0
291313 2577.0
291305 2572.0
291244 2510.0
291244 2640.0
291237 2602.0
291227 2622.0
291227 2530.0
291184 2695.0
291158 3007.0
291142 3073.0
291142 2682.0
291142 2932.0
291132 2977.0
291132 2747.0
291132 2795.0
291123 2858.0
291063 2983.0
291040 2980.0
291040 3082.0
291040 2883.0
291040 2814.0
291022 2970.0
290992 2752.0
290992 2959.0
290992 2876.0
290992 3025.0
290989 2912.0
290974 2755.0
290974 2814.0
290962 2690.0
290950 2542.0
290950 2773.0
290948 2603.0
290948 2612.0
290948 2596.0
290948 2553.0
290948 2551.0
290948 2959.0
290948 2977.0
290907 2965.0
290894 3275.0
290894 3366.0
290891 2640.0
290840 2738.0
290840 2968.0
290838 3116.0
290838 2963.0
290838 2891.0
290805 2982.0
290780 4388.0
290780 2726.0
290780 2828.0
290780 3114.0
290780 2673.0
290780 2798.0
290766 2822.0
290762 3073.0
290710 2684.0
290701 2915.0
290701 2615.0
290698 2629.0
290651 2507.0
290651 2777.0
290643 2802.0
290643 2650.0
290643 2820.0
290624 2765.0
290624 2802.0
290624 3010.0
290571 2734.0
290558 2819.0
290558 2911.0
290558 3059.0
290558 2821.0
290558 3009.0
290497 2876.0
290485 2995.0
290473 3209.0
290467 2626.0
290467 2635.0
290442 2843.0
290439 3394.0
290431 2680.0
290424 3092.0
290424 2823.0
290401 2737.0
290393 3175.0
290390 2728.0
290349 2747.0
290316 2898.0
290316 3047.0
290316 2774.0
290240 2877.0
290237 3060.0
290176 2828.0
290162 2915.0
290152 3004.0
290147 2796.0
290120 2718.0
290120 3105.0
290111 2678.0
290079 2794.0
290079 2876.0
290066 3044.0
290055 2766.0
290055 2756.0
290055 2813.0
290055 2861.0
290055 2896.0
290055 2712.0
290055 2733.0
290035 2776.0
289989 2968.0
289989 2759.0
289989 2882.0
289989 2887.0
289988 2758.0
289988 2913.0
289967 2672.0
289945 2678.0
289935 2914.0
289906 2904.0
289859 2869.0
289859 2832.0
289853 2772.0
289853 2737.0
289853 3089.0
289834 2782.0
289834 2543.0
289834 2551.0
289808 2571.0
289801 2565.0
289788 2514.0
289788 2529.0
289777 2597.0
289755 2579.0
289755 2520.0
289742 2637.0
289742 2565.0
289742 2625.0
289692 2506.0
289692 2602.0
289685 2790.0
289685 2673.0
289685 2984.0
289685 2777.0
289685 2771.0
289685 2803.0
289685 2693.0
289666 2788.0
289647 2723.0
289647 2926.0
289647 2902.0
289647 2771.0
289647 2804.0
289647 2600.0
289647 2768.0
289623 2912.0
289622 2715.0
289622 2711.0
289618 2794.0
289618 2916.0
289606 2636.0
289606 2621.0
289606 2702.0
289598 2653.0
289561 2792.0
289493 2679.0
289484 2545.0
289484 2645.0
289477 2690.0
289461 2627.0
289461 2770.0
289461 2774.0
289461 2860.0
289461 2731.0
289461 2639.0
289461 2877.0
289458 2839.0
289458 3380.0
289433 2798.0
289433 3121.0
289433 3069.0
289433 2762.0
289411 2832.0
289411 3036.0
289406 2577.0
289361 2574.0
289361 2510.0
289361 2494.0
289328 2517.0
289328 2587.0
289328 2538.0
289328 2532.0
289301 2524.0
289301 2567.0
289301 2584.0
289273 2538.0
289273 2549.0
289273 2611.0
289273 2780.0
289273 2529.0
289261 2531.0
289261 2533.0
289261 2533.0
289250 2572.0
289250 2513.0
289250 2543.0
289228 2587.0
289228 2587.0
289186 2521.0
289186 2538.0
289186 2572.0
289177 2609.0
289113 2545.0
289070 2621.0
289046 2504.0
289046 2542.0
289045 2584.0
289045 2500.0
289040 2480.0
289009 2571.0
289000 2602.0
289000 2509.0
288965 2535.0
288961 2534.0
288953 2586.0
288953 2554.0
288953 2507.0
288946 2571.0
288946 2642.0
288946 2529.0
288940 2507.0
288940 2542.0
288928 2558.0
288922 2566.0
288922 2472.0
288895 2497.0
288883 2555.0
288879 2570.0
288879 2509.0
288879 2506.0
288843 2520.0
288773 2540.0
288773 2531.0
288773 2533.0
288773 2640.0
288773 2583.0
288734 2619.0
288728 2489.0
288728 2611.0
288728 2542.0
288679 2573.0
288679 2541.0
288643 2482.0
288643 2545.0
288643 2536.0
288595 2519.0
288552 2493.0
288522 2565.0
288513 2601.0
288510 2615.0
288510 2618.0
288510 2533.0
288508 2560.0
288496 2580.0
288492 2565.0
288492 2624.0
288479 2879.0
288479 2604.0
288479 2637.0
288479 2731.0
288479 2817.0
288438 2621.0
288438 2638.0
288438 2545.0
288437 2556.0
288437 2561.0
288388 2622.0
288382 2596.0
288371 2491.0
288343 2511.0
288343 2562.0
288343 2617.0
288343 2512.0
288343 2539.0
288311 2549.0
288305 2641.0
288305 2504.0
288270 2524.0
288235 2565.0
288228 2570.0
288228 2677.0
288223 3050.0
288223 2691.0
288205 2674.0
288202 2570.0
288193 2517.0
288114 2511.0
288114 2558.0
288111 2573.0
288111 2590.0
288106 2491.0
288106 2512.0
288106 2585.0
288102 2593.0
288102 2558.0
288081 2536.0
288081 2557.0
288081 2649.0
288067 2586.0
288067 2670.0
288067 2490.0
288062 2537.0
288055 2567.0
288053 2599.0
288009 2491.0
288009 2529.0
288006 2586.0
288006 2550.0
288006 2522.0
287976 2534.0
287976 2540.0
287976 2580.0
287976 2592.0
287976 2533.0
287952 2574.0
287921 2622.0
287921 2547.0
287841 2576.0
287828 2627.0
287823 2543.0
287823 2551.0
287794 2576.0
287794 2509.0
287794 2559.0
287794 2576.0
287757 2583.0
287757 2597.0
287757 2520.0
287757 2584.0
287675 2577.0
287633 2614.0
287613 2565.0
287570 2639.0
287569 2538.0
287569 2547.0
287569 2590.0
287569 2528.0
287569 2504.0
287569 2527.0
287549 2549.0
287549 2596.0
287549 2520.0
287549 2542.0
287528 2545.0
287475 2590.0
287462 2559.0
287462 2515.0
287444 2543.0
287435 2620.0
287378 2572.0
287378 2501.0
287378 2494.0
287346 2503.0
287310 2593.0
287237 2678.0
287213 2554.0
287176 2532.0
287176 2566.0
287173 2617.0
287173 2615.0
287173 2553.0
287101 2528.0
287076 2567.0
287066 2650.0
287062 2740.0
287061 2920.0
287061 2518.0
287048 2572.0
287048 2600.0
287024 2535.0
287024 2533.0
286978 2554.0
286972 2565.0
286949 2555.0
286906 2512.0
286906 2571.0
286906 2532.0
286898 2609.0
286898 2620.0
286898 2585.0
286898 2523.0
286898 2644.0
286894 2571.0
286878 2675.0
286878 2514.0
286871 2550.0
286871 2538.0
286871 2574.0
