First MST8843 33.0
8843 4.0
8816 4.0
8816 3.0
8809 2.0
8805 3.0
8738 3.0
8716 3.0
8716 3.0
8706 3.0
8706 3.0
8685 3.0
8685 4.0
8640 3.0
8625 3.0
8611 3.0
8611 3.0
8603 3.0
8603 3.0
8598 2.0
8598 3.0
8598 4.0
8598 2.0
8537 1.0
8537 1.0
8497 1.0
8490 1.0
8490 1.0
8442 1.0
8442 1.0
8420 2.0
8420 1.0
8420 1.0
8417 1.0
8412 1.0
8406 2.0
8391 2.0
8373 2.0
8373 1.0
8365 1.0
8328 1.0
8323 1.0
8267 1.0
8253 1.0
8253 1.0
8253 1.0
8253 1.0
8233 3.0
8220 1.0
8220 1.0
8220 1.0
8220 1.0
8219 1.0
8209 1.0
8160 1.0
8160 1.0
8160 1.0
8159 1.0
8159 1.0
8159 2.0
8159 1.0
8159 1.0
8159 1.0
8130 1.0
8115 2.0
8114 1.0
8108 1.0
8108 1.0
8108 1.0
8108 1.0
8086 1.0
8086 1.0
8086 1.0
8086 2.0
8085 1.0
8085 1.0
8073 1.0
8073 1.0
8073 3.0
8055 2.0
8038 2.0
8038 2.0
8018 1.0
8018 1.0
8018 1.0
7995 1.0
7957 1.0
7957 1.0
7957 1.0
7911 1.0
7905 1.0
7904 1.0
7904 1.0
7903 1.0
7903 1.0
7903 1.0
7903 1.0
7895 2.0
7895 2.0
7895 4.0
7895 2.0
7875 2.0
7867 2.0
7867 4.0
7867 3.0
7815 2.0
7811 1.0
7770 1.0
7770 1.0
7770 1.0
7761 2.0
7753 2.0
7745 1.0
7745 2.0
7700 1.0
7672 1.0
7672 1.0
7672 2.0
7672 2.0
7672 2.0
7672 2.0
7672 2.0
7672 2.0
7672 2.0
7672 1.0
7672 2.0
7657 2.0
7651 2.0
7651 1.0
7644 2.0
7628 2.0
7605 2.0
7605 2.0
7596 2.0
7591 2.0
7584 2.0
7584 2.0
7573 2.0
7573 2.0
7520 2.0
7520 2.0
7520 2.0
7520 2.0
7520 2.0
7515 2.0
7515 2.0
7515 2.0
7515 2.0
7452 2.0
7452 3.0
7416 1.0
7396 1.0
7396 1.0
7396 1.0
7396 1.0
7347 1.0
7342 1.0
7333 1.0
7329 1.0
7326 1.0
7320 1.0
7267 1.0
7267 1.0
7263 1.0
7263 1.0
7263 1.0
7253 1.0
7253 1.0
7252 1.0
7252 1.0
7252 1.0
7251 1.0
7251 1.0
7251 1.0
7251 1.0
7251 1.0
7251 1.0
7250 1.0
7250 1.0
7245 1.0
7242 1.0
7242 1.0
7227 1.0
7227 1.0
7218 1.0
7218 1.0
7218 1.0
7218 1.0
7217 2.0
7183 2.0
7183 2.0
7183 2.0
7183 1.0
7170 1.0
7170 1.0
7161 1.0
7136 1.0
7119 1.0
7104 1.0
7103 3.0
7103 1.0
7103 1.0
7098 1.0
7087 1.0
7087 1.0
7067 1.0
7067 1.0
7041 1.0
7041 1.0
7030 1.0
7030 2.0
7030 2.0
7030 2.0
7030 2.0
7030 1.0
7030 1.0
6993 1.0
6993 1.0
6993 1.0
6993 2.0
6987 1.0
6959 1.0
6959 1.0
6959 1.0
6929 2.0
6926 2.0
6896 4.0
6877 2.0
6843 2.0
6843 2.0
6843 2.0
6843 2.0
6843 2.0
6820 2.0
6820 2.0
6820 2.0
6814 2.0
6811 2.0
6811 2.0
6811 2.0
6811 2.0
6799 2.0
6769 2.0
6769 2.0
6769 2.0
6724 2.0
6724 2.0
6707 1.0
6687 1.0
6644 1.0
6640 3.0
6640 2.0
6633 2.0
6629 1.0
6620 3.0
6615 3.0
6615 3.0
6592 3.0
6591 2.0
6591 2.0
6582 2.0
6573 2.0
6573 2.0
6573 2.0
6564 3.0
6558 3.0
6558 3.0
6532 2.0
6509 2.0
6509 2.0
6509 2.0
6509 2.0
6509 2.0
6503 2.0
6486 2.0
6486 1.0
6424 1.0
6401 6.0
6401 2.0
6376 2.0
6376 2.0
6376 2.0
6376 2.0
6376 2.0
6376 2.0
6376 2.0
6361 2.0
6349 3.0
6349 3.0
6349 3.0
6349 3.0
6299 3.0
6299 3.0
6299 3.0
6291 3.0
6291 3.0
6279 3.0
6279 4.0
6248 2.0
6248 2.0
6248 2.0
6248 2.0
6248 2.0
6220 2.0
6220 1.0
6220 1.0
6219 4.0
6199 1.0
6199 1.0
6199 2.0
6199 2.0
6196 2.0
6191 1.0
6191 1.0
6174 1.0
6174 2.0
6168 2.0
6158 2.0
6122 2.0
6122 2.0
6122 1.0
6114 1.0
6079 1.0
6046 1.0
6026 1.0
6016 1.0
6014 1.0
6014 1.0
6014 2.0
6012 2.0
6010 2.0
6010 1.0
6009 2.0
6008 2.0
6008 2.0
6008 2.0
6008 1.0
6008 2.0
6006 1.0
6006 1.0
6006 1.0
6006 1.0
6006 1.0
6006 6.0
6006 2.0
6006 2.0
6005 2.0
5999 2.0
5999 2.0
5999 2.0
5999 2.0
5989 4.0
5978 1.0
5978 2.0
5977 2.0
5973 2.0
5973 1.0
5972 1.0
5972 1.0
5964 1.0
5964 1.0
5961 1.0
5961 1.0
5961 1.0
5949 1.0
5921 1.0
5921 1.0
5921 1.0
5891 1.0
5891 1.0
5891 2.0
5891 2.0
5856 2.0
5856 2.0
5856 1.0
5856 1.0
5856 2.0
5856 2.0
5856 2.0
5856 2.0
5856 3.0
5856 2.0
5854 2.0
5854 1.0
5854 2.0
5839 1.0
5821 1.0
5808 1.0
5782 1.0
5782 1.0
5780 3.0
5780 1.0
5750 1.0
5750 1.0
5750 1.0
5750 1.0
5736 1.0
5727 1.0
5727 1.0
5727 1.0
5727 1.0
5727 1.0
5712 1.0
5712 1.0
5712 1.0
5712 1.0
5712 1.0
5712 1.0
5694 1.0
5673 1.0
5673 1.0
5668 1.0
5657 1.0
5657 1.0
5637 1.0
5631 1.0
5631 1.0
5629 1.0
5624 1.0
5624 1.0
5624 1.0
5624 1.0
5624 1.0
5600 1.0
5590 1.0
5590 1.0
5590 1.0
5590 1.0
5562 1.0
5562 1.0
5562 1.0
5562 1.0
5562 1.0
5551 1.0
5551 2.0
5548 2.0
5548 2.0
5548 1.0
5537 1.0
5537 1.0
5537 1.0
5537 1.0
5537 1.0
5537 1.0
5537 1.0
5537 1.0
5537 1.0
5532 1.0
5532 1.0
5524 1.0
5524 1.0
5524 1.0
5524 1.0
5515 1.0
5509 1.0
5509 1.0
5509 1.0
5509 1.0
5498 1.0
5498 1.0
5497 1.0
5476 1.0
5476 1.0
5474 1.0
5451 1.0
5451 1.0
5451 1.0
5438 1.0
5438 1.0
5427 1.0
5427 1.0
5427 1.0
5427 1.0
5427 1.0
5421 1.0
5421 1.0
5421 1.0
5421 1.0
5413 1.0
5413 1.0
5413 1.0
5406 1.0
5406 1.0
5406 2.0
5406 3.0
5379 1.0
5379 2.0
5379 2.0
5363 2.0
5363 2.0
5302 2.0
5302 2.0
5302 2.0
5302 2.0
5302 2.0
5302 2.0
5302 2.0
5302 2.0
5302 2.0
5302 2.0
5302 2.0
5302 2.0
5284 2.0
5284 2.0
5283 2.0
5283 2.0
5283 2.0
5271 2.0
5271 2.0
5271 2.0
5271 2.0
5271 2.0
5267 2.0
5267 2.0
5195 3.0
5195 2.0
5195 2.0
5195 2.0
5195 2.0
5195 2.0
5195 2.0
5195 2.0
5195 2.0
5195 2.0
5195 2.0
5195 2.0
5195 2.0
5195 2.0
5195 2.0
5195 2.0
5186 2.0
5186 2.0
5186 2.0
5186 2.0
5186 2.0
5186 2.0
5186 2.0
5186 2.0
5179 2.0
5179 2.0
5174 2.0
5155 2.0
5155 2.0
5155 2.0
5146 2.0
5146 2.0
5108 3.0
5108 3.0
5108 2.0
5103 2.0
5096 2.0
5096 2.0
5062 2.0
5060 2.0
5060 2.0
5060 2.0
5055 2.0
5055 2.0
5055 2.0
5050 2.0
5050 2.0
5050 2.0
5050 2.0
5050 2.0
5050 2.0
5050 2.0
5050 2.0
5050 2.0
5050 2.0
5050 2.0
5050 2.0
5050 2.0
5050 2.0
5050 2.0
5050 2.0
5050 2.0
5039 2.0
5039 2.0
5031 2.0
5022 2.0
4999 1.0
4999 1.0
4999 1.0
4999 1.0
4973 1.0
4973 1.0
4962 1.0
4962 1.0
4962 1.0
4962 1.0
4962 1.0
4962 1.0
4962 1.0
4962 1.0
4962 1.0
4958 1.0
4941 1.0
4941 1.0
4941 1.0
4941 1.0
4934 1.0
4934 1.0
4934 1.0
4934 1.0
4919 1.0
4918 1.0
4918 1.0
4918 1.0
4914 1.0
4914 1.0
4879 1.0
4869 1.0
4869 1.0
4869 1.0
4869 1.0
4869 1.0
4869 1.0
4869 1.0
4840 1.0
4840 1.0
4820 1.0
4817 1.0
4817 1.0
4817 1.0
4817 1.0
4817 1.0
4817 1.0
4804 1.0
4801 1.0
4801 1.0
4794 1.0
4794 1.0
4789 1.0
4789 1.0
4789 1.0
4789 1.0
4785 1.0
4785 1.0
4767 1.0
4767 1.0
4765 1.0
4765 1.0
4765 1.0
4765 1.0
4765 1.0
4765 1.0
4763 1.0
4749 1.0
4749 1.0
4744 1.0
4744 1.0
4744 1.0
4731 1.0
4731 1.0
4731 1.0
4731 1.0
4730 1.0
4730 1.0
4728 1.0
4723 1.0
4723 1.0
4723 1.0
4699 1.0
4699 1.0
4699 1.0
4699 1.0
4699 1.0
4699 1.0
4699 1.0
4699 1.0
4699 1.0
4699 1.0
4699 1.0
4688 1.0
4680 1.0
4680 1.0
4667 1.0
4664 2.0
4660 2.0
4660 1.0
4642 3.0
4642 1.0
4642 1.0
4642 1.0
4642 1.0
4634 1.0
4632 2.0
4618 2.0
4618 1.0
4616 1.0
4609 1.0
4609 1.0
4599 1.0
4599 1.0
4599 1.0
4599 1.0
4594 1.0
4594 1.0
4586 1.0
4579 1.0
4579 1.0
4579 1.0
4579 1.0
4579 1.0
4579 1.0
4558 1.0
4558 1.0
4558 1.0
4558 1.0
4558 1.0
4541 1.0
4541 1.0
4541 1.0
4541 1.0
4541 1.0
4541 1.0
4541 1.0
4541 1.0
4539 1.0
4539 1.0
4539 1.0
4524 1.0
4503 1.0
4478 1.0
4478 1.0
4478 1.0
4459 1.0
4459 1.0
4459 1.0
4459 1.0
4459 1.0
4452 1.0
4450 1.0
4450 1.0
4450 1.0
4449 1.0
4449 1.0
4449 1.0
4449 1.0
4417 1.0
4417 1.0
4417 1.0
4417 1.0
4417 1.0
4417 1.0
4417 1.0
4417 1.0
4417 1.0
4417 1.0
4417 1.0
4405 1.0
4405 1.0
4405 1.0
4405 1.0
4405 1.0
4405 1.0
4405 1.0
4405 1.0
4404 1.0
4404 1.0
4404 2.0
4404 1.0
4404 1.0
4404 1.0
4404 1.0
4404 1.0
4404 1.0
4404 2.0
4398 1.0
4394 1.0
4394 1.0
4394 1.0
4394 1.0
4394 1.0
4394 1.0
4394 1.0
4394 1.0
4394 1.0
4394 1.0
4394 1.0
4382 1.0
4382 1.0
4382 1.0
4382 1.0
4379 1.0
4379 1.0
4379 1.0
4379 1.0
4379 1.0
4379 1.0
4379 1.0
4379 1.0
4379 1.0
4379 1.0
4379 1.0
4379 1.0
4379 1.0
4379 1.0
4371 1.0
4371 1.0
4371 1.0
4371 1.0
4371 1.0
4363 1.0
4363 1.0
4363 1.0
4363 1.0
4363 1.0
4363 1.0
4363 1.0
4363 1.0
4363 1.0
4363 1.0
4360 1.0
4360 1.0
4355 1.0
4355 1.0
4352 1.0
4352 2.0
4352 1.0
4352 1.0
4343 1.0
4337 1.0
4334 1.0
4334 1.0
4334 1.0
4320 1.0
4320 1.0
4320 1.0
4320 1.0
4320 1.0
4320 1.0
4320 1.0
4316 1.0
4316 1.0
4316 1.0
4316 1.0
4316 1.0
4316 1.0
4316 1.0
4316 1.0
4308 1.0
4305 1.0
4298 1.0
4267 1.0
4267 1.0
4267 1.0
4267 1.0
4267 1.0
4267 2.0
4267 1.0
4267 1.0
4262 1.0
4262 1.0
4255 1.0
4255 1.0
4255 1.0
4240 1.0
4240 1.0
4240 1.0
4240 1.0
4240 1.0
4240 1.0
4240 1.0
4240 1.0
4239 1.0
4239 1.0
4239 1.0
4239 1.0
4239 1.0
4239 1.0
4239 1.0
4239 1.0
4239 1.0
4239 1.0
4239 1.0
4217 1.0
4217 1.0
4217 1.0
4210 1.0
4205 1.0
4191 1.0
4167 1.0
4167 1.0
4167 1.0
4167 1.0
4167 1.0
4166 1.0
4166 1.0
4166 1.0
4166 1.0
4166 1.0
4160 1.0
4160 1.0
4160 1.0
4160 1.0
4160 1.0
4160 1.0
4160 1.0
4160 1.0
4160 1.0
4160 1.0
4160 1.0
4160 1.0
4160 1.0
4160 1.0
4157 1.0
4157 1.0
4157 1.0
4132 1.0
4124 1.0
4124 1.0
4124 1.0
4124 1.0
4123 1.0
4119 1.0
4118 1.0
4118 1.0
4118 1.0
4118 1.0
4118 1.0
4118 1.0
4118 1.0
4118 1.0
4118 1.0
4118 1.0
4118 1.0
4118 1.0
4118 1.0
4118 1.0
4116 1.0
4104 1.0
4104 1.0
4104 2.0
4104 1.0
4104 1.0
4104 1.0
4104 1.0
4104 1.0
4104 1.0
4104 1.0
4104 1.0
4092 1.0
4092 1.0
4092 1.0
4049 1.0
4049 1.0
4049 1.0
4049 1.0
4049 1.0
4049 1.0
4036 1.0
4036 1.0
4036 1.0
4036 1.0
4031 1.0
4010 1.0
4010 1.0
4010 1.0
3976 1.0
3975 1.0
3975 1.0
3975 1.0
3975 1.0
3970 1.0
3970 1.0
3970 1.0
3955 2.0
3955 1.0
3955 1.0
3945 1.0
3945 1.0
3945 1.0
3945 1.0
3938 1.0
3938 1.0
3936 1.0
3936 1.0
3933 1.0
3910 1.0
3910 1.0
3890 1.0
3890 1.0
3878 1.0
3878 1.0
3862 1.0
3851 1.0
3851 1.0
3851 1.0
3851 1.0
3851 1.0
3851 1.0
3851 1.0
3851 1.0
3851 1.0
3851 1.0
3844 1.0
3844 1.0
3844 1.0
3844 1.0
3844 1.0
