First MST4175 28.0
4175 5.0
4172 4.0
4130 3.0
4130 3.0
4129 3.0
4122 2.0
4100 3.0
4100 3.0
4098 3.0
4091 3.0
4058 3.0
4058 3.0
3993 4.0
3968 3.0
3950 3.0
3938 1.0
3938 1.0
3938 1.0
3937 1.0
3921 1.0
3921 1.0
3921 1.0
3897 1.0
3897 1.0
3888 0.0
3888 0.0
3885 1.0
3864 1.0
3864 1.0
3864 1.0
3864 1.0
3864 1.0
3858 2.0
3858 1.0
3858 1.0
3858 1.0
3806 1.0
3806 1.0
3769 1.0
3757 1.0
3721 1.0
3721 1.0
3714 0.0
3714 1.0
3714 0.0
3712 0.0
3712 1.0
3712 1.0
3704 0.0
3704 0.0
3704 1.0
3704 1.0
3697 0.0
3613 0.0
3613 1.0
3588 1.0
3584 0.0
3567 1.0
3544 1.0
3532 1.0
3520 1.0
3520 1.0
3496 1.0
3495 0.0
3495 0.0
3481 0.0
3481 0.0
3481 0.0
3481 0.0
3469 0.0
3469 0.0
3469 0.0
3469 0.0
3469 3.0
3464 0.0
3464 0.0
3458 1.0
3446 2.0
3446 0.0
3446 1.0
3422 0.0
3405 0.0
3403 0.0
3403 0.0
3403 0.0
3403 0.0
3399 0.0
3397 0.0
3396 0.0
3396 0.0
3359 0.0
3359 0.0
3348 1.0
3348 1.0
3335 1.0
3335 1.0
3335 1.0
3335 1.0
3323 0.0
3323 1.0
3323 1.0
3323 1.0
3323 1.0
3323 1.0
3282 1.0
3273 1.0
3273 1.0
3262 0.0
3262 0.0
3262 0.0
3262 0.0
3262 0.0
3259 0.0
3259 0.0
3257 0.0
3257 0.0
3257 0.0
3241 0.0
3241 0.0
3241 0.0
3241 0.0
3241 1.0
3221 1.0
3221 1.0
3221 0.0
3221 0.0
3218 0.0
3215 0.0
3205 0.0
3189 0.0
3184 0.0
3184 0.0
3184 0.0
3184 0.0
3184 0.0
3184 0.0
3184 0.0
3184 0.0
3169 0.0
3169 0.0
3169 0.0
3169 0.0
3169 0.0
3169 1.0
3169 0.0
3169 0.0
3169 0.0
3168 0.0
3168 0.0
3154 0.0
3154 0.0
3154 0.0
3154 0.0
3154 0.0
3115 0.0
3113 0.0
3102 0.0
3102 0.0
3097 0.0
3097 0.0
3097 0.0
3033 0.0
3033 0.0
3033 0.0
3033 0.0
3020 1.0
3020 1.0
3020 0.0
3018 0.0
3009 1.0
3009 0.0
3007 0.0
3000 0.0
3000 0.0
3000 0.0
3000 0.0
3000 0.0
3000 0.0
3000 0.0
3000 0.0
2993 0.0
2993 0.0
2993 1.0
2981 0.0
2981 0.0
2981 0.0
2981 0.0
2981 0.0
2956 0.0
2956 0.0
2950 0.0
2950 0.0
2950 0.0
2950 0.0
2939 0.0
2939 0.0
2939 0.0
2921 0.0
2921 0.0
2921 0.0
2921 0.0
2910 0.0
2910 0.0
2888 0.0
2888 0.0
2883 0.0
2883 1.0
2883 1.0
2883 1.0
2883 1.0
2883 2.0
2883 0.0
2883 0.0
2880 0.0
2880 0.0
2880 1.0
2880 0.0
2874 1.0
2874 0.0
2874 0.0
2874 0.0
2874 0.0
2874 0.0
2874 0.0
2865 0.0
2865 0.0
2865 0.0
2846 0.0
2846 0.0
2815 0.0
2810 0.0
2810 0.0
2810 0.0
2810 0.0
2810 0.0
2810 0.0
2810 0.0
2810 0.0
2810 0.0
2810 0.0
2809 1.0
2809 0.0
2809 1.0
2809 0.0
2809 1.0
2809 1.0
2809 1.0
2805 0.0
2805 0.0
2805 0.0
2805 0.0
2805 0.0
2805 0.0
2801 0.0
2801 1.0
2801 1.0
2801 1.0
2778 1.0
2778 1.0
2762 0.0
2762 0.0
2762 1.0
2762 1.0
2762 1.0
2762 2.0
2762 1.0
2743 1.0
2743 1.0
2743 1.0
2743 1.0
2720 1.0
2713 1.0
2713 1.0
2713 1.0
2711 0.0
2700 0.0
2700 0.0
2700 0.0
2681 0.0
2681 0.0
2678 0.0
2678 0.0
2678 0.0
2676 0.0
2676 0.0
2676 0.0
2676 0.0
2676 0.0
2676 0.0
2676 1.0
2676 1.0
2676 0.0
2676 0.0
2676 0.0
2676 0.0
2671 0.0
2651 0.0
2651 0.0
2651 0.0
2651 0.0
2651 0.0
2651 0.0
2651 0.0
2643 0.0
2628 0.0
2628 0.0
2628 0.0
2628 1.0
2628 0.0
2626 1.0
2585 1.0
2585 1.0
2574 0.0
2574 0.0
2553 0.0
2553 0.0
2511 0.0
2511 0.0
2511 0.0
2511 0.0
2505 0.0
2491 0.0
2491 0.0
2491 0.0
2474 0.0
2474 0.0
2474 0.0
2474 0.0
2456 0.0
2456 0.0
2456 0.0
2456 0.0
2456 0.0
2456 0.0
2456 0.0
2456 0.0
2456 0.0
2456 0.0
2456 0.0
2456 0.0
2456 0.0
2456 0.0
2456 0.0
2456 0.0
2456 0.0
2445 0.0
2445 0.0
2445 0.0
2445 0.0
2428 0.0
2420 0.0
2409 0.0
2409 0.0
2404 1.0
2401 0.0
2401 0.0
2401 0.0
2398 0.0
2398 0.0
2398 2.0
2398 0.0
2398 0.0
2383 0.0
2381 0.0
2381 0.0
2381 0.0
2378 0.0
2378 0.0
2378 0.0
2378 0.0
2373 0.0
2373 0.0
2373 0.0
2373 0.0
2373 0.0
2373 1.0
2373 0.0
2373 0.0
2373 0.0
2373 0.0
2370 0.0
2358 0.0
2358 1.0
2351 0.0
2337 0.0
2317 0.0
2313 1.0
2313 1.0
2313 1.0
2313 1.0
2304 1.0
2304 0.0
2304 1.0
2304 1.0
2304 1.0
2300 1.0
2300 0.0
2300 0.0
2300 0.0
2300 0.0
2300 0.0
2300 0.0
2300 0.0
2300 0.0
2300 1.0
2251 1.0
2246 1.0
2246 1.0
2246 0.0
2241 0.0
2234 1.0
2234 0.0
2231 0.0
2224 0.0
2224 0.0
2224 3.0
2223 1.0
2223 1.0
2223 1.0
2223 0.0
2223 0.0
2223 0.0
2223 0.0
2213 0.0
2213 0.0
2213 0.0
2213 0.0
2213 0.0
2213 1.0
2213 1.0
2213 0.0
2213 1.0
2213 1.0
2208 1.0
2208 0.0
2199 0.0
2199 0.0
2199 0.0
2199 0.0
2199 0.0
2199 0.0
2199 0.0
2199 0.0
2199 0.0
2199 0.0
2187 0.0
2147 0.0
2136 0.0
2136 0.0
2136 2.0
2136 0.0
2136 0.0
2136 0.0
2136 0.0
2136 0.0
2136 0.0
2124 0.0
2124 0.0
2112 0.0
2098 0.0
2098 0.0
2098 0.0
2091 0.0
2091 0.0
2091 0.0
2083 1.0
2083 1.0
2074 1.0
2071 1.0
2071 0.0
2071 0.0
2071 0.0
2069 0.0
2069 0.0
2069 0.0
2069 0.0
2069 0.0
2069 0.0
2069 0.0
2059 1.0
2059 1.0
2059 1.0
2059 0.0
2059 0.0
2059 1.0
2059 1.0
2041 1.0
2041 1.0
2035 1.0
2035 1.0
2035 1.0
2035 1.0
2035 1.0
2035 1.0
2035 1.0
2035 1.0
2035 0.0
2035 0.0
2035 0.0
2035 0.0
2035 0.0
2035 0.0
2035 0.0
2035 0.0
2035 0.0
1989 0.0
1989 0.0
1989 0.0
1989 0.0
1989 0.0
1978 0.0
1978 1.0
1978 0.0
1976 1.0
1969 0.0
1969 0.0
1969 0.0
1969 0.0
1969 0.0
1969 0.0
1969 0.0
1969 0.0
1969 0.0
1969 0.0
1969 0.0
1969 0.0
1969 0.0
1969 0.0
1961 0.0
1961 0.0
1954 0.0
1954 0.0
1954 0.0
1954 0.0
1954 0.0
1954 0.0
1944 2.0
1944 0.0
1944 0.0
1935 0.0
1935 0.0
1935 0.0
1922 0.0
1922 0.0
1918 0.0
1918 0.0
1918 0.0
1918 0.0
1915 0.0
1915 1.0
1915 1.0
1913 1.0
1894 1.0
1894 1.0
1884 1.0
1884 1.0
1884 1.0
1879 1.0
1879 1.0
1879 1.0
1879 1.0
1879 1.0
1879 1.0
1879 1.0
1879 1.0
1879 1.0
1879 0.0
1879 0.0
1879 1.0
1879 1.0
1879 1.0
1879 1.0
1879 1.0
1879 1.0
1877 1.0
1877 1.0
1877 0.0
1873 0.0
1870 0.0
1868 0.0
1868 0.0
1868 0.0
1847 0.0
1847 0.0
1836 0.0
1836 0.0
1836 1.0
1836 1.0
1836 1.0
1836 1.0
1836 0.0
1834 1.0
1834 3.0
1832 0.0
1822 0.0
1822 0.0
1822 0.0
1822 0.0
1818 0.0
1818 0.0
1818 1.0
1818 0.0
1814 1.0
1813 1.0
1813 0.0
1813 1.0
1807 0.0
1807 1.0
1793 1.0
1780 0.0
1780 0.0
1780 0.0
1767 1.0
1767 1.0
1767 1.0
1767 0.0
1765 0.0
1765 0.0
1762 0.0
1762 0.0
1762 0.0
1762 1.0
1757 0.0
1757 0.0
1757 1.0
1747 1.0
1747 1.0
1747 1.0
1740 1.0
1740 0.0
1735 0.0
1735 0.0
1735 0.0
1735 0.0
1735 1.0
1735 1.0
1728 1.0
1728 0.0
1728 0.0
1728 1.0
1728 1.0
1728 0.0
1722 0.0
1722 0.0
1722 0.0
1709 0.0
1709 0.0
1706 0.0
1706 1.0
1706 1.0
1705 1.0
1705 1.0
1705 1.0
1705 0.0
1705 1.0
1705 0.0
1704 1.0
1698 0.0
1698 1.0
1698 1.0
1692 1.0
1692 1.0
1692 0.0
1692 0.0
1692 0.0
1692 0.0
1692 3.0
1692 1.0
1692 1.0
1692 0.0
1692 0.0
1686 1.0
1682 0.0
1682 0.0
1682 3.0
1682 1.0
1679 0.0
1679 0.0
1673 0.0
1673 0.0
1673 1.0
1673 0.0
1673 0.0
1660 0.0
1645 0.0
1645 0.0
1645 0.0
1643 0.0
1633 0.0
1633 0.0
1633 0.0
1633 0.0
1633 0.0
1633 0.0
1629 0.0
1629 0.0
1627 0.0
1616 0.0
1616 0.0
1616 0.0
1616 0.0
1616 1.0
1616 3.0
1610 1.0
1610 0.0
1610 0.0
1610 0.0
1610 0.0
1598 1.0
1598 1.0
1598 1.0
1598 1.0
1598 1.0
1598 1.0
1598 2.0
1598 1.0
1598 1.0
1598 1.0
1598 0.0
1597 0.0
1577 0.0
1577 0.0
1577 0.0
1577 0.0
1577 0.0
1577 1.0
1577 3.0
1577 0.0
1577 0.0
1574 0.0
1570 0.0
1570 0.0
1570 0.0
1570 0.0
1570 1.0
1570 0.0
1570 1.0
1565 0.0
1565 1.0
1565 0.0
1565 0.0
1565 0.0
1565 0.0
1562 0.0
1562 0.0
1562 0.0
1562 0.0
1562 0.0
1556 1.0
1556 1.0
1556 1.0
1556 0.0
1556 0.0
1556 0.0
1556 0.0
1556 0.0
1553 1.0
1553 0.0
1553 0.0
1546 0.0
1546 0.0
1546 0.0
1546 0.0
1546 0.0
1546 0.0
1546 0.0
1546 0.0
1544 0.0
1544 0.0
1544 0.0
1544 0.0
1544 0.0
1544 0.0
1544 0.0
1544 0.0
1544 0.0
1544 0.0
1544 0.0
1544 0.0
1544 0.0
1544 0.0
1544 0.0
1544 0.0
1544 0.0
1544 0.0
1544 1.0
1541 0.0
1541 0.0
1541 0.0
1541 0.0
1541 0.0
1541 0.0
1541 0.0
1541 0.0
1541 0.0
1541 0.0
1538 0.0
1538 0.0
1538 0.0
1538 0.0
1538 0.0
1534 0.0
1534 0.0
1534 0.0
1534 0.0
1534 0.0
1534 0.0
1534 0.0
1534 0.0
1534 0.0
1534 0.0
1534 0.0
1534 0.0
1534 0.0
1534 1.0
1534 1.0
1534 1.0
1534 2.0
1534 1.0
1534 0.0
1529 1.0
1529 1.0
1529 0.0
1529 0.0
1494 0.0
1494 0.0
1494 0.0
1494 1.0
1494 1.0
1494 0.0
1494 0.0
1483 0.0
1483 0.0
1483 0.0
1483 0.0
1483 0.0
1483 0.0
1483 0.0
1478 0.0
1470 0.0
1467 0.0
1467 0.0
1462 0.0
1462 0.0
1462 0.0
1462 0.0
1462 0.0
1462 0.0
1462 0.0
1462 0.0
1462 0.0
1462 0.0
1456 0.0
1456 0.0
1456 0.0
1452 0.0
1452 0.0
1452 0.0
1452 0.0
1452 0.0
1452 0.0
1452 0.0
1452 0.0
1452 0.0
1452 0.0
1452 0.0
1452 0.0
1452 0.0
1452 0.0
1452 0.0
1452 0.0
1452 0.0
1452 0.0
1452 0.0
1443 0.0
1443 0.0
1443 0.0
1441 0.0
1437 0.0
1437 0.0
1429 0.0
1429 0.0
1429 0.0
1429 0.0
1429 0.0
1421 0.0
1421 0.0
1421 0.0
1421 0.0
1421 0.0
1421 0.0
1421 0.0
1421 0.0
1421 0.0
1421 0.0
1421 0.0
1421 0.0
1421 0.0
1421 0.0
1421 0.0
1421 0.0
1421 0.0
1421 0.0
1421 0.0
1421 0.0
1421 0.0
1421 0.0
1421 0.0
1421 0.0
1421 1.0
1421 0.0
1421 0.0
1421 0.0
1420 0.0
1416 0.0
1416 0.0
1416 0.0
1416 0.0
1416 0.0
1416 0.0
1416 0.0
1416 0.0
1416 0.0
1416 0.0
1416 0.0
1416 0.0
1416 0.0
1416 0.0
1414 0.0
1413 0.0
1413 0.0
1413 0.0
1413 0.0
1413 0.0
1413 0.0
1413 0.0
1413 0.0
1413 0.0
1413 0.0
1413 0.0
1413 0.0
1413 0.0
1413 0.0
1386 0.0
1386 0.0
1386 0.0
1386 0.0
1386 0.0
1386 0.0
1377 0.0
1377 0.0
1377 0.0
1377 0.0
1377 0.0
1377 0.0
1377 0.0
1377 0.0
1353 0.0
1353 0.0
1353 0.0
1353 0.0
1353 0.0
1353 0.0
1353 0.0
1353 0.0
1352 0.0
1352 0.0
1352 0.0
1352 0.0
1352 0.0
1352 0.0
1352 0.0
1351 0.0
1351 0.0
1351 0.0
1351 0.0
1351 0.0
1351 0.0
1351 0.0
1347 0.0
1347 0.0
1343 0.0
1343 0.0
1327 0.0
1327 0.0
1327 0.0
1327 0.0
1327 0.0
1327 0.0
1327 0.0
1327 0.0
1327 0.0
1327 0.0
1327 0.0
1327 0.0
1327 0.0
1327 0.0
1327 0.0
1327 0.0
1327 0.0
