First MST73514 925.0
73457 221.0
73431 196.0
73431 168.0
73431 204.0
73406 251.0
73404 274.0
73392 193.0
73392 230.0
73385 200.0
73324 297.0
73307 401.0
73307 381.0
73278 606.0
73276 369.0
73270 386.0
73270 267.0
73270 351.0
73215 265.0
73209 244.0
73209 370.0
73209 286.0
73209 282.0
73196 253.0
73196 248.0
73119 215.0
73072 276.0
73072 290.0
73028 249.0
73028 258.0
73028 272.0
73028 269.0
73028 256.0
73016 252.0
73014 298.0
73009 602.0
72994 353.0
72969 292.0
72926 229.0
72900 277.0
72897 368.0
72880 310.0
72868 249.0
72793 257.0
72793 271.0
72793 286.0
72793 272.0
72724 272.0
72724 251.0
72724 264.0
72698 301.0
72641 292.0
72641 294.0
72616 322.0
72591 259.0
72591 254.0
72576 324.0
72576 216.0
72576 283.0
72576 298.0
72569 268.0
72530 244.0
72487 350.0
72483 254.0
72483 267.0
72466 326.0
72466 223.0
72466 258.0
72463 330.0
72463 291.0
72462 247.0
72462 255.0
72435 195.0
72435 253.0
72432 221.0
72432 250.0
72395 246.0
72395 202.0
72384 243.0
72384 204.0
72353 252.0
72353 241.0
72311 440.0
72311 248.0
72311 279.0
72282 292.0
72233 235.0
72233 374.0
72196 250.0
72160 279.0
72111 296.0
72111 208.0
72058 254.0
72058 294.0
72058 297.0
72021 245.0
72021 212.0
72003 245.0
72003 250.0
71985 196.0
71985 235.0
71912 251.0
71896 213.0
71896 197.0
71896 204.0
71862 266.0
71821 242.0
71821 231.0
71799 249.0
71780 259.0
71766 246.0
71728 261.0
71711 205.0
71711 255.0
71672 207.0
71672 250.0
71666 223.0
71666 248.0
71636 262.0
71636 283.0
71636 251.0
71636 216.0
71636 308.0
71632 331.0
71618 233.0
71618 291.0
71604 487.0
71598 201.0
71598 228.0
71533 288.0
71489 396.0
71479 204.0
71479 208.0
71479 255.0
71479 342.0
71479 235.0
71479 250.0
71469 234.0
71469 207.0
71431 259.0
71431 205.0
71431 254.0
71431 211.0
71430 244.0
71424 212.0
71424 238.0
71412 217.0
71403 242.0
71400 221.0
71399 248.0
71399 213.0
71370 243.0
71370 202.0
71370 235.0
71370 244.0
71360 217.0
71360 251.0
71348 261.0
71328 203.0
71324 244.0
71298 262.0
71287 218.0
71287 248.0
71283 207.0
71283 224.0
71283 256.0
71267 201.0
71255 213.0
71228 256.0
71205 219.0
71191 205.0
71191 219.0
71189 255.0
71184 215.0
71184 238.0
71134 249.0
71134 257.0
71112 218.0
71112 267.0
71112 244.0
71104 285.0
71104 245.0
71102 304.0
71102 221.0
71095 259.0
71095 205.0
71095 294.0
71095 343.0
71094 239.0
71068 243.0
71009 237.0
71009 246.0
70998 225.0
70998 244.0
70998 208.0
70998 246.0
70962 222.0
70935 211.0
70923 242.0
70889 202.0
70889 237.0
70872 320.0
70861 398.0
70837 280.0
70837 247.0
70776 368.0
70776 383.0
70776 295.0
70776 261.0
70747 222.0
70747 241.0
70747 306.0
70738 299.0
70738 251.0
70703 198.0
70664 273.0
70664 328.0
70664 257.0
70664 220.0
70664 243.0
70656 202.0
70610 334.0
70610 253.0
70610 240.0
70609 246.0
70599 216.0
70599 251.0
70599 202.0
70583 235.0
70583 248.0
70583 201.0
70583 236.0
70583 246.0
70559 208.0
70559 202.0
70559 224.0
70559 243.0
70485 200.0
70485 217.0
70485 239.0
70485 215.0
70470 197.0
70464 229.0
70460 236.0
70460 252.0
70433 195.0
70413 251.0
70363 206.0
70353 219.0
70263 253.0
70263 200.0
70247 249.0
70205 240.0
70188 229.0
70188 239.0
70131 257.0
70113 241.0
70100 253.0
70095 205.0
70095 250.0
70086 199.0
70050 242.0
70050 217.0
70050 231.0
70040 253.0
70017 194.0
70017 221.0
69979 165.0
69956 198.0
69956 205.0
69955 173.0
69955 210.0
69955 198.0
69909 171.0
69882 196.0
69882 203.0
69804 169.0
69774 207.0
69774 200.0
69747 204.0
69747 204.0
69747 176.0
69726 202.0
69726 167.0
69726 214.0
69726 199.0
69708 171.0
69690 209.0
69690 187.0
69690 180.0
69672 192.0
69650 200.0
69650 178.0
69650 206.0
69628 177.0
69628 178.0
69628 198.0
69628 206.0
69578 173.0
69578 184.0
69578 206.0
69578 167.0
69578 191.0
69545 204.0
69545 202.0
69545 204.0
69545 175.0
69537 198.0
69537 232.0
69537 198.0
69529 206.0
69529 173.0
69529 206.0
69526 182.0
69500 201.0
69500 167.0
69480 209.0
69480 167.0
69458 211.0
69458 170.0
69458 202.0
69457 186.0
69429 185.0
69417 215.0
69397 176.0
69397 198.0
69388 206.0
69388 197.0
69382 287.0
69382 261.0
69377 274.0
69377 265.0
69367 211.0
69330 222.0
69330 244.0
69330 203.0
69323 255.0
69323 230.0
69311 259.0
69311 245.0
69279 271.0
69270 247.0
69270 251.0
69270 212.0
69270 254.0
69270 251.0
69244 203.0
69240 251.0
69240 235.0
69240 253.0
69203 248.0
69203 226.0
69201 256.0
69201 225.0
69190 249.0
69184 245.0
69184 260.0
69184 264.0
69180 261.0
69147 257.0
69147 231.0
69147 269.0
69144 256.0
69144 245.0
69125 255.0
69109 238.0
69109 289.0
69109 236.0
69070 281.0
69045 241.0
69045 208.0
69036 258.0
69033 211.0
69033 309.0
69033 254.0
69033 250.0
69033 247.0
69033 215.0
69033 254.0
69033 253.0
69033 247.0
69033 272.0
69033 198.0
69033 266.0
69021 218.0
69011 263.0
68999 243.0
68990 268.0
68972 246.0
68972 215.0
68972 249.0
68972 206.0
68970 252.0
68962 200.0
68954 260.0
68954 212.0
68954 247.0
68940 350.0
68940 221.0
68940 260.0
68884 208.0
68874 233.0
68867 253.0
68831 204.0
68807 249.0
68807 243.0
68807 213.0
68777 209.0
68776 256.0
68763 245.0
68737 205.0
68729 204.0
68707 201.0
68707 218.0
68661 210.0
68641 222.0
68641 204.0
68629 204.0
68611 212.0
68611 195.0
68611 217.0
68611 246.0
68596 259.0
68596 245.0
68596 212.0
68588 245.0
68588 229.0
68574 214.0
68556 243.0
68556 217.0
68556 208.0
68556 258.0
68556 242.0
68556 212.0
68551 205.0
68551 240.0
68551 245.0
68544 254.0
68544 197.0
68514 199.0
68514 207.0
68486 198.0
68471 208.0
68471 201.0
68469 211.0
68461 259.0
68461 245.0
68441 206.0
68441 211.0
68419 248.0
68348 197.0
68348 266.0
68346 224.0
68346 223.0
68323 239.0
68303 264.0
68303 261.0
68303 239.0
68257 249.0
68257 221.0
68250 247.0
68246 201.0
68246 270.0
68246 203.0
68213 261.0
68213 252.0
68213 223.0
68189 259.0
68181 231.0
68140 212.0
68140 281.0
68140 255.0
68137 220.0
68137 216.0
68128 250.0
68128 253.0
68123 256.0
68074 207.0
68067 221.0
68067 209.0
68067 200.0
68037 232.0
68037 213.0
68037 235.0
68012 261.0
68003 271.0
67985 227.0
67982 270.0
67982 276.0
67968 243.0
67945 256.0
67922 265.0
67922 224.0
67922 269.0
67922 215.0
67919 273.0
67919 201.0
67899 265.0
67899 228.0
67886 233.0
67886 251.0
67886 216.0
67885 219.0
67885 256.0
67860 219.0
67860 199.0
67860 243.0
67860 247.0
67830 307.0
67827 214.0
67800 309.0
67800 227.0
67800 324.0
67800 210.0
67800 360.0
67800 269.0
67800 196.0
67787 290.0
67787 307.0
67787 336.0
67787 272.0
67786 257.0
67744 203.0
67723 251.0
67717 365.0
67717 253.0
67717 219.0
67717 197.0
67704 205.0
67704 237.0
67704 252.0
67686 224.0
67680 243.0
67680 418.0
67680 261.0
67680 227.0
67671 254.0
67662 309.0
67662 259.0
67653 207.0
67642 233.0
67614 237.0
67614 253.0
67609 196.0
67609 210.0
67609 241.0
67609 243.0
67552 225.0
67523 198.0
67523 209.0
67521 200.0
67521 207.0
67521 207.0
67521 198.0
67521 211.0
67513 245.0
67464 283.0
67430 218.0
67430 215.0
67430 214.0
67424 428.0
67424 259.0
67413 220.0
67413 246.0
67409 331.0
67406 316.0
67385 200.0
67352 224.0
67328 266.0
67326 237.0
67315 240.0
67269 248.0
67247 232.0
67246 182.0
67229 219.0
67229 244.0
67229 240.0
67203 178.0
67203 178.0
67137 202.0
67137 327.0
67110 202.0
67110 189.0
67110 216.0
67110 177.0
67110 167.0
67098 185.0
67098 175.0
67098 205.0
67098 193.0
67074 184.0
67047 218.0
67047 173.0
66974 183.0
66961 212.0
66951 168.0
66951 180.0
66902 198.0
66891 200.0
66891 204.0
66891 230.0
66891 211.0
66891 229.0
66865 191.0
66810 213.0
66747 191.0
66747 231.0
66714 227.0
66688 194.0
66663 235.0
66655 196.0
66655 197.0
66655 208.0
66655 179.0
66655 174.0
66655 204.0
66655 221.0
66644 167.0
66623 179.0
66607 209.0
66607 191.0
66607 224.0
66589 216.0
66577 178.0
66577 193.0
66577 205.0
66539 224.0
66510 216.0
66506 211.0
66505 200.0
66505 188.0
66482 202.0
66482 214.0
66482 215.0
66482 207.0
66482 176.0
66482 224.0
66468 511.0
66461 277.0
66461 215.0
66461 335.0
66461 351.0
66431 316.0
66421 501.0
66413 334.0
66413 314.0
66391 551.0
66391 244.0
66391 223.0
66391 387.0
66385 325.0
66381 338.0
66357 481.0
66357 555.0
66357 272.0
66350 285.0
66310 279.0
66310 275.0
66272 225.0
66262 231.0
66262 230.0
66252 200.0
66238 232.0
66238 216.0
66215 261.0
66215 285.0
66215 532.0
66190 284.0
66182 273.0
66182 266.0
66181 244.0
66095 319.0
66095 357.0
66095 411.0
66095 297.0
66095 298.0
66069 233.0
66063 324.0
66051 522.0
66045 223.0
66045 288.0
66045 269.0
66032 272.0
66028 272.0
66007 270.0
66007 412.0
66000 219.0
65990 261.0
65990 211.0
65959 260.0
65959 207.0
65918 267.0
65918 200.0
65918 247.0
65892 247.0
65874 222.0
65874 241.0
65861 198.0
65861 232.0
65856 250.0
65856 218.0
65815 247.0
65801 211.0
65753 243.0
65747 258.0
65747 205.0
65747 253.0
65747 228.0
65747 215.0
65747 240.0
65745 255.0
65733 199.0
65731 210.0
65731 241.0
65721 244.0
65721 205.0
65721 219.0
65721 264.0
65721 199.0
65717 257.0
65688 252.0
65679 212.0
65675 249.0
65675 256.0
65675 200.0
65669 226.0
65669 261.0
65669 201.0
65669 213.0
65669 237.0
65669 260.0
65660 200.0
65660 228.0
65644 246.0
65644 222.0
65594 198.0
65594 209.0
65593 233.0
65556 232.0
65556 256.0
65556 245.0
65556 236.0
65556 222.0
65548 251.0
65548 245.0
65548 227.0
65541 198.0
65541 254.0
65541 247.0
65541 207.0
65523 257.0
65523 244.0
65483 208.0
65483 214.0
65483 253.0
65483 219.0
65483 206.0
65483 201.0
65449 200.0
65449 215.0
65413 222.0
65409 228.0
65409 256.0
65352 259.0
65352 212.0
65349 229.0
65349 249.0
65293 252.0
65276 211.0
65260 263.0
65260 229.0
65256 219.0
65223 244.0
65223 257.0
65223 228.0
65223 255.0
65223 207.0
65223 230.0
65205 259.0
65179 199.0
65159 232.0
65159 250.0
65159 266.0
65159 203.0
65154 217.0
65154 222.0
65154 249.0
65144 247.0
65120 262.0
65120 264.0
65120 220.0
65114 208.0
65114 212.0
65114 235.0
65114 257.0
65114 270.0
65096 261.0
65096 270.0
65092 222.0
65092 213.0
65073 202.0
65037 217.0
65011 244.0
65002 260.0
65002 245.0
65002 212.0
65002 219.0
65002 264.0
64973 249.0
64952 249.0
64925 254.0
64925 200.0
64908 275.0
64908 216.0
64905 262.0
64879 213.0
64879 248.0
64879 250.0
64879 220.0
64836 250.0
64836 209.0
64827 229.0
64809 266.0
64805 211.0
64801 231.0
64747 247.0
64736 207.0
64736 206.0
64736 215.0
64736 257.0
64736 245.0
64736 215.0
64736 196.0
64714 210.0
64714 196.0
64714 196.0
64714 209.0
64714 197.0
64714 213.0
64684 232.0
64680 229.0
64680 247.0
64680 250.0
64666 211.0
64655 230.0
64651 254.0
64651 224.0
64651 258.0
64651 199.0
64651 243.0
64642 248.0
64642 213.0
64642 246.0
64629 257.0
64629 198.0
64577 223.0
64577 253.0
64577 201.0
64485 208.0
64485 207.0
64457 242.0
64437 241.0
64425 207.0
64401 204.0
64401 228.0
64401 252.0
64394 208.0
64379 206.0
64379 216.0
64330 255.0
64330 196.0
64330 256.0
64330 233.0
64330 215.0
64295 245.0
64295 208.0
64295 211.0
64295 231.0
64295 256.0
64288 192.0
64277 204.0
64277 213.0
64248 216.0
64248 209.0
64220 200.0
64220 195.0
64218 181.0
64187 187.0
64187 220.0
64185 203.0
64171 207.0
64171 166.0
64151 180.0
64151 210.0
64151 178.0
64151 201.0
64142 209.0
64142 176.0
64133 198.0
64133 208.0
64133 211.0
64133 171.0
64112 169.0
64112 187.0
64112 187.0
64112 205.0
64112 227.0
64112 198.0
64062 203.0
64062 200.0
64062 184.0
64055 171.0
64055 166.0
64055 165.0
64051 172.0
64045 165.0
64045 174.0
64037 197.0
63983 186.0
63980 199.0
63969 197.0
63969 173.0
63907 178.0
63893 200.0
63893 200.0
63893 168.0
63893 217.0
63893 202.0
63893 182.0
63877 195.0
63828 172.0
63811 190.0
63803 203.0
63803 172.0
63803 183.0
63803 207.0
63803 167.0
63803 169.0
63803 187.0
63803 192.0
63803 200.0
63803 210.0
63767 171.0
63742 176.0
63701 165.0
63679 165.0
63660 180.0
63660 188.0
63660 194.0
63660 212.0
63660 168.0
63660 172.0
63618 189.0
63618 196.0
63618 211.0
63610 202.0
63585 171.0
63573 174.0
63573 167.0
63573 167.0
63532 191.0
63532 196.0
63532 213.0
63532 192.0
63532 198.0
63499 215.0
63476 179.0
63474 175.0
63459 221.0
63456 203.0
63454 175.0
63431 209.0
63431 183.0
63431 208.0
63427 196.0
63419 186.0
63413 201.0
63368 175.0
63368 182.0
63368 205.0
63355 209.0
63355 171.0
63336 184.0
63307 210.0
63285 202.0
63285 165.0
63255 181.0
63239 170.0
63239 178.0
63239 177.0
63239 173.0
63235 182.0
63235 174.0
63235 167.0
63235 180.0
63235 196.0
63235 202.0
63202 182.0
63188 172.0
63188 185.0
63188 209.0
