First MST145716 5726.0
145702 903.0
145684 957.0
145651 1053.0
145648 1017.0
145606 831.0
145583 827.0
145554 1002.0
145554 1094.0
145554 1027.0
145541 1206.0
145532 1107.0
145532 1002.0
145482 988.0
145473 1017.0
145471 1061.0
145471 1020.0
145471 1157.0
145420 1117.0
145420 1298.0
145420 2083.0
145409 1637.0
145409 1358.0
145367 1562.0
145367 1251.0
145333 1396.0
145297 1169.0
145265 1223.0
145261 1090.0
145261 1238.0
145261 1383.0
145261 1334.0
145261 1376.0
145241 1190.0
145237 1280.0
145235 1346.0
145214 1353.0
145205 1093.0
145205 1074.0
145195 1205.0
145181 1060.0
145166 1310.0
145153 1180.0
145142 1128.0
145142 971.0
145142 1175.0
145142 1150.0
145137 1465.0
145131 1185.0
145131 1232.0
145078 1199.0
145059 1147.0
145059 1251.0
145049 1260.0
145019 1378.0
145019 1346.0
145019 1076.0
145019 1008.0
145019 999.0
145014 1000.0
145006 995.0
144978 1035.0
144957 1168.0
144953 1028.0
144953 862.0
144943 811.0
144943 922.0
144920 879.0
144920 834.0
144920 842.0
144920 855.0
144920 908.0
144919 921.0
144919 972.0
144878 1019.0
144878 1106.0
144796 1088.0
144796 877.0
144796 833.0
144796 846.0
144773 870.0
144773 893.0
144749 1023.0
144715 983.0
144691 964.0
144658 939.0
144624 872.0
144610 855.0
144610 853.0
144584 894.0
144557 851.0
144524 843.0
144524 843.0
144524 846.0
144524 901.0
144517 974.0
144489 903.0
144485 892.0
144485 871.0
144454 959.0
144454 962.0
144445 994.0
144370 1059.0
144353 1085.0
144353 902.0
144314 855.0
144238 847.0
144238 864.0
144236 906.0
144236 976.0
144220 957.0
144209 943.0
144209 933.0
144188 1018.0
144168 1071.0
144110 1069.0
144110 889.0
144110 867.0
144066 876.0
144066 896.0
144066 1020.0
144066 979.0
144066 922.0
144046 904.0
144046 865.0
144039 836.0
144029 826.0
144029 987.0
144029 919.0
144028 885.0
144014 953.0
143966 940.0
143966 1014.0
143966 1040.0
143966 1127.0
143966 1060.0
143966 878.0
143899 822.0
143899 818.0
143848 829.0
143848 843.0
143848 947.0
143832 956.0
143832 907.0
143832 894.0
143832 864.0
143832 870.0
143832 897.0
143818 947.0
143816 1007.0
143805 1065.0
143795 1100.0
143795 899.0
143792 846.0
143792 838.0
143792 852.0
143737 899.0
143737 995.0
143708 924.0
143634 829.0
143623 822.0
143574 946.0
143574 899.0
143521 875.0
143521 872.0
143505 973.0
143483 983.0
143483 1044.0
143458 1101.0
143458 1018.0
143415 889.0
143410 876.0
143410 893.0
143384 1026.0
143384 958.0
143384 861.0
143384 838.0
143382 815.0
143363 860.0
143363 830.0
143342 838.0
143342 879.0
143336 1087.0
143336 1048.0
143336 1046.0
143336 1085.0
143336 988.0
143336 886.0
143326 877.0
143304 912.0
143304 1014.0
143282 908.0
143257 861.0
143257 844.0
143257 998.0
143257 954.0
143219 970.0
143219 950.0
143213 1017.0
143191 1043.0
143191 1067.0
143191 929.0
143158 869.0
143147 861.0
143147 892.0
143136 1043.0
143136 1021.0
143136 972.0
143132 935.0
143132 884.0
143132 828.0
143132 821.0
143127 894.0
143127 849.0
143127 820.0
143118 845.0
143101 827.0
143085 839.0
143085 879.0
143085 1080.0
143076 1083.0
143076 1086.0
143076 947.0
143076 856.0
143023 846.0
143005 812.0
143005 862.0
143005 886.0
142985 998.0
142985 980.0
142985 948.0
142985 938.0
142985 1003.0
142967 1047.0
142967 1106.0
142967 1034.0
142967 926.0
142929 931.0
142929 1043.0
142906 977.0
142862 890.0
142845 844.0
142828 833.0
142828 1010.0
142828 921.0
142828 943.0
142819 930.0
142772 996.0
142699 1045.0
142671 1092.0
142671 1080.0
142667 864.0
142664 839.0
142664 855.0
142662 865.0
142624 903.0
142572 1014.0
142564 966.0
142560 958.0
142543 1005.0
142543 1039.0
142519 1079.0
142519 927.0
142519 889.0
142511 885.0
142493 909.0
142493 998.0
142489 925.0
142459 871.0
142459 836.0
142448 913.0
142448 855.0
142448 840.0
142428 821.0
142428 915.0
142428 842.0
142402 807.0
142385 871.0
142385 848.0
142385 962.0
142363 867.0
142363 886.0
142362 849.0
142362 911.0
142360 902.0
142360 895.0
142317 878.0
142308 865.0
142308 846.0
142308 816.0
142299 844.0
142263 909.0
142263 839.0
142263 916.0
142256 838.0
142256 822.0
142256 843.0
142256 916.0
142239 922.0
142239 830.0
142239 914.0
142187 851.0
142187 846.0
142119 886.0
142119 847.0
142119 861.0
142119 904.0
142111 844.0
142111 831.0
142111 849.0
142111 1024.0
142105 946.0
142105 1006.0
142105 986.0
142088 1025.0
142088 1084.0
142061 1044.0
142032 899.0
141994 895.0
141994 970.0
141961 996.0
141961 927.0
141952 844.0
141907 825.0
141894 936.0
141894 852.0
141888 974.0
141888 907.0
141888 856.0
141888 851.0
141853 835.0
141853 864.0
141816 895.0
141788 901.0
141788 915.0
141788 876.0
141788 858.0
141788 863.0
141788 847.0
141788 833.0
141764 892.0
141764 925.0
141764 844.0
141764 830.0
141759 845.0
141743 872.0
141733 1021.0
141719 963.0
141719 1025.0
141719 1015.0
141695 1055.0
141677 1094.0
141657 938.0
141657 871.0
141649 857.0
141639 899.0
141603 1023.0
141597 943.0
141562 893.0
141562 825.0
141562 872.0
141562 869.0
141562 855.0
141562 873.0
141534 970.0
141484 880.0
141484 914.0
141484 893.0
141466 854.0
141422 843.0
141418 841.0
141418 869.0
141403 906.0
141403 851.0
141403 904.0
141403 829.0
141403 899.0
141387 1010.0
141387 947.0
141359 989.0
141359 985.0
141359 1031.0
141293 1091.0
141293 1085.0
141293 941.0
141200 947.0
141164 1053.0
141141 1020.0
141138 912.0
141138 846.0
141127 817.0
141112 942.0
141045 844.0
141045 979.0
141045 903.0
141045 851.0
141045 834.0
141031 831.0
141031 966.0
141031 921.0
141029 880.0
141029 879.0
141026 892.0
141026 909.0
141026 852.0
141026 858.0
141026 823.0
140990 845.0
140990 999.0
140970 940.0
140970 902.0
140960 947.0
140938 927.0
140938 911.0
140895 902.0
140869 864.0
140869 834.0
140863 830.0
140851 956.0
140847 854.0
140847 804.0
140847 854.0
140828 834.0
140827 875.0
140792 958.0
140777 886.0
140777 891.0
140723 864.0
140718 827.0
140718 843.0
140718 963.0
140718 869.0
140718 818.0
140699 902.0
140699 844.0
140682 919.0
140674 1024.0
140672 1100.0
140672 1082.0
140672 1035.0
140672 945.0
140656 990.0
140614 1023.0
140614 926.0
140614 867.0
140614 819.0
140596 842.0
140564 908.0
140564 869.0
140488 855.0
140470 847.0
140470 882.0
140470 903.0
140452 861.0
140408 882.0
140403 848.0
140392 842.0
140360 865.0
140343 939.0
140343 836.0
140343 837.0
140302 855.0
140301 933.0
140301 826.0
140286 831.0
140286 834.0
140284 827.0
140265 896.0
140265 896.0
140245 838.0
140213 933.0
140213 865.0
140194 879.0
140194 1020.0
140194 979.0
140194 1106.0
140194 1212.0
140194 1176.0
140185 1180.0
140185 1251.0
140185 1270.0
