First MST8843 61.0
8843 6.0
8816 4.0
8816 3.0
8809 4.0
8805 4.0
8738 3.0
8716 3.0
8716 6.0
8706 3.0
8706 5.0
8685 4.0
8685 4.0
8640 3.0
8625 3.0
8611 3.0
8611 3.0
8603 3.0
8603 3.0
8598 4.0
8598 2.0
8598 3.0
8598 3.0
8537 3.0
8537 3.0
8497 3.0
8490 2.0
8490 2.0
8442 2.0
8442 2.0
8420 3.0
8420 3.0
8420 3.0
8417 2.0
8412 2.0
8406 3.0
8391 3.0
8373 2.0
8373 2.0
8365 2.0
8328 2.0
8323 2.0
8267 2.0
8253 2.0
8253 3.0
8253 4.0
8253 2.0
8233 2.0
8220 2.0
8220 2.0
8220 2.0
8220 2.0
8219 3.0
8209 2.0
8160 3.0
8160 3.0
8160 3.0
8159 3.0
8159 3.0
8159 3.0
8159 2.0
8159 2.0
8159 3.0
8130 2.0
8115 2.0
8114 2.0
8108 2.0
8108 2.0
8108 2.0
8108 2.0
8086 4.0
8086 7.0
8086 5.0
8086 3.0
8085 2.0
8085 2.0
8073 3.0
8073 2.0
8073 9.0
8055 2.0
8038 2.0
8038 2.0
8018 2.0
8018 2.0
8018 2.0
7995 2.0
7957 2.0
7957 2.0
7957 2.0
7911 2.0
7905 2.0
7904 2.0
7904 2.0
7903 2.0
7903 2.0
7903 3.0
7903 4.0
7895 2.0
7895 2.0
7895 2.0
7895 2.0
7875 2.0
7867 2.0
7867 2.0
7867 2.0
7815 2.0
7811 2.0
7770 1.0
7770 1.0
7770 2.0
7761 2.0
7753 2.0
7745 2.0
7745 2.0
7700 1.0
7672 1.0
7672 2.0
7672 2.0
7672 2.0
7672 2.0
7672 2.0
7672 2.0
7672 2.0
7672 2.0
7672 2.0
7672 2.0
7657 2.0
7651 2.0
7651 2.0
7644 2.0
7628 2.0
7605 2.0
7605 2.0
7596 3.0
7591 2.0
7584 3.0
7584 2.0
7573 3.0
7573 3.0
7520 3.0
7520 3.0
7520 2.0
7520 2.0
7520 3.0
7515 3.0
7515 2.0
7515 4.0
7515 2.0
7452 1.0
7452 3.0
7416 2.0
7396 2.0
7396 2.0
7396 2.0
7396 1.0
7347 2.0
7342 2.0
7333 2.0
7329 1.0
7326 1.0
7320 1.0
7267 1.0
7267 1.0
7263 2.0
7263 1.0
7263 2.0
7253 2.0
7253 2.0
7252 2.0
7252 2.0
7252 2.0
7251 1.0
7251 2.0
7251 2.0
7251 2.0
7251 2.0
7251 2.0
7250 1.0
7250 1.0
7245 1.0
7242 1.0
7242 1.0
7227 1.0
7227 1.0
7218 1.0
7218 1.0
7218 1.0
7218 1.0
7217 1.0
7183 1.0
7183 1.0
7183 2.0
7183 1.0
7170 1.0
7170 1.0
7161 1.0
7136 1.0
7119 3.0
7104 1.0
7103 1.0
7103 1.0
7103 1.0
7098 1.0
7087 2.0
7087 1.0
7067 1.0
7067 1.0
7041 2.0
7041 1.0
7030 1.0
7030 1.0
7030 1.0
7030 1.0
7030 1.0
7030 1.0
7030 1.0
6993 1.0
6993 1.0
6993 1.0
6993 1.0
6987 1.0
6959 1.0
6959 1.0
6959 1.0
6929 1.0
6926 1.0
6896 1.0
6877 1.0
6843 1.0
6843 1.0
6843 1.0
6843 1.0
6843 1.0
6820 1.0
6820 2.0
6820 2.0
6814 2.0
6811 1.0
6811 1.0
6811 1.0
6811 1.0
6799 1.0
6769 1.0
6769 1.0
6769 1.0
6724 2.0
6724 1.0
6707 2.0
6687 2.0
6644 2.0
6640 2.0
6640 2.0
6633 2.0
6629 2.0
6620 2.0
6615 3.0
6615 2.0
6592 2.0
6591 2.0
6591 2.0
6582 2.0
6573 2.0
6573 2.0
6573 2.0
6564 3.0
6558 2.0
6558 2.0
6532 2.0
6509 2.0
6509 2.0
6509 2.0
6509 2.0
6509 2.0
6503 2.0
6486 3.0
6486 2.0
6424 2.0
6401 3.0
6401 2.0
6376 3.0
6376 3.0
6376 3.0
6376 3.0
6376 3.0
6376 3.0
6376 3.0
6361 3.0
6349 3.0
6349 3.0
6349 3.0
6349 3.0
6299 3.0
6299 3.0
6299 3.0
6291 3.0
6291 4.0
6279 2.0
6279 2.0
6248 2.0
6248 2.0
6248 2.0
6248 2.0
6248 2.0
6220 2.0
6220 2.0
6220 2.0
6219 2.0
6199 2.0
6199 2.0
6199 2.0
6199 2.0
6196 2.0
6191 2.0
6191 2.0
6174 2.0
6174 2.0
6168 2.0
6158 2.0
6122 2.0
6122 2.0
6122 2.0
6114 2.0
6079 2.0
6046 2.0
6026 2.0
6016 2.0
6014 2.0
6014 2.0
6014 2.0
6012 2.0
6010 2.0
6010 2.0
6009 2.0
6008 2.0
6008 2.0
6008 2.0
6008 2.0
6008 2.0
6006 2.0
6006 2.0
6006 2.0
6006 2.0
6006 2.0
6006 2.0
6006 2.0
6006 2.0
6005 2.0
5999 2.0
5999 2.0
5999 2.0
5999 2.0
5989 2.0
5978 2.0
5978 2.0
5977 2.0
5973 2.0
5973 2.0
5972 2.0
5972 2.0
5964 2.0
5964 2.0
5961 2.0
5961 2.0
5961 2.0
5949 2.0
5921 2.0
5921 2.0
5921 2.0
5891 2.0
5891 2.0
5891 2.0
5891 2.0
5856 2.0
5856 2.0
5856 2.0
5856 2.0
5856 2.0
5856 2.0
5856 2.0
5856 2.0
5856 2.0
5856 2.0
5854 2.0
5854 2.0
5854 2.0
5839 2.0
5821 2.0
5808 2.0
5782 2.0
5782 2.0
5780 2.0
5780 2.0
5750 2.0
5750 2.0
5750 2.0
5750 2.0
5736 2.0
5727 2.0
5727 2.0
5727 2.0
5727 2.0
5727 2.0
5712 2.0
5712 2.0
5712 2.0
5712 2.0
5712 2.0
5712 2.0
5694 2.0
5673 2.0
5673 2.0
5668 2.0
5657 2.0
5657 2.0
5637 2.0
5631 2.0
5631 2.0
5629 2.0
5624 2.0
5624 2.0
5624 2.0
5624 2.0
5624 2.0
5600 2.0
5590 2.0
5590 2.0
5590 2.0
5590 2.0
5562 2.0
5562 2.0
5562 2.0
5562 2.0
5562 2.0
5551 2.0
5551 2.0
5548 2.0
5548 2.0
5548 2.0
5537 2.0
5537 2.0
5537 2.0
5537 2.0
5537 1.0
5537 1.0
5537 1.0
5537 1.0
5537 1.0
5532 1.0
5532 1.0
5524 1.0
5524 2.0
5524 1.0
5524 1.0
5515 2.0
5509 2.0
5509 2.0
5509 5.0
5509 5.0
5498 4.0
5498 5.0
5497 4.0
5476 3.0
5476 2.0
5474 1.0
5451 3.0
5451 2.0
5451 1.0
5438 1.0
5438 1.0
5427 2.0
5427 2.0
5427 2.0
5427 2.0
5427 2.0
5421 2.0
5421 2.0
5421 1.0
5421 1.0
5413 2.0
5413 1.0
5413 1.0
5406 1.0
5406 1.0
5406 1.0
5406 1.0
5379 1.0
5379 1.0
5379 1.0
5363 1.0
5363 1.0
5302 1.0
5302 1.0
5302 1.0
5302 1.0
5302 1.0
5302 1.0
5302 2.0
5302 1.0
5302 1.0
5302 1.0
5302 1.0
5302 1.0
5284 1.0
5284 1.0
5283 1.0
5283 1.0
5283 1.0
5271 1.0
5271 1.0
5271 1.0
5271 1.0
5271 1.0
5267 1.0
5267 1.0
5195 1.0
5195 1.0
5195 1.0
5195 1.0
5195 1.0
5195 1.0
5195 1.0
5195 1.0
5195 1.0
5195 1.0
5195 1.0
5195 1.0
5195 1.0
5195 1.0
5195 1.0
5195 1.0
5186 1.0
5186 1.0
5186 1.0
5186 1.0
5186 1.0
5186 1.0
5186 1.0
5186 1.0
5179 1.0
5179 1.0
5174 1.0
5155 1.0
5155 1.0
5155 1.0
5146 1.0
5146 1.0
5108 1.0
5108 1.0
5108 1.0
5103 1.0
5096 1.0
5096 1.0
5062 2.0
5060 2.0
5060 2.0
5060 2.0
5055 2.0
5055 1.0
5055 1.0
5050 1.0
5050 1.0
5050 1.0
5050 1.0
5050 1.0
5050 1.0
5050 1.0
5050 1.0
5050 2.0
5050 1.0
5050 1.0
5050 1.0
5050 1.0
5050 1.0
5050 1.0
5050 1.0
5050 1.0
5039 1.0
5039 1.0
5031 1.0
5022 1.0
4999 1.0
4999 1.0
4999 1.0
4999 1.0
4973 1.0
4973 1.0
4962 1.0
4962 1.0
4962 1.0
4962 1.0
4962 1.0
4962 1.0
4962 1.0
4962 1.0
4962 1.0
4958 1.0
4941 1.0
4941 1.0
4941 1.0
4941 1.0
4934 1.0
4934 1.0
4934 1.0
4934 2.0
4919 1.0
4918 2.0
4918 2.0
4918 2.0
4914 2.0
4914 2.0
4879 1.0
4869 1.0
4869 1.0
4869 1.0
4869 1.0
4869 1.0
4869 1.0
4869 1.0
4840 1.0
4840 1.0
4820 1.0
4817 1.0
4817 1.0
4817 1.0
4817 1.0
4817 1.0
4817 1.0
4804 1.0
4801 1.0
4801 1.0
4794 1.0
4794 1.0
4789 1.0
4789 1.0
4789 1.0
4789 1.0
4785 1.0
4785 1.0
4767 1.0
4767 1.0
4765 1.0
4765 1.0
4765 1.0
4765 1.0
4765 1.0
4765 1.0
4763 1.0
4749 1.0
4749 1.0
4744 1.0
4744 1.0
4744 1.0
4731 2.0
4731 1.0
4731 1.0
4731 1.0
4730 1.0
4730 1.0
4728 1.0
4723 1.0
4723 1.0
4723 1.0
4699 2.0
4699 1.0
4699 1.0
4699 1.0
4699 1.0
4699 1.0
4699 1.0
4699 1.0
4699 1.0
4699 1.0
4699 1.0
4688 1.0
4680 1.0
4680 1.0
4667 1.0
4664 1.0
4660 1.0
4660 1.0
4642 1.0
4642 1.0
4642 1.0
4642 1.0
4642 1.0
4634 1.0
4632 1.0
4618 1.0
4618 1.0
4616 1.0
4609 1.0
4609 1.0
4599 1.0
4599 1.0
4599 1.0
4599 1.0
4594 1.0
4594 1.0
4586 1.0
4579 2.0
4579 1.0
4579 1.0
4579 1.0
4579 2.0
4579 2.0
4558 2.0
4558 2.0
4558 2.0
4558 2.0
4558 2.0
4541 2.0
4541 2.0
4541 2.0
4541 2.0
4541 2.0
4541 2.0
4541 2.0
4541 2.0
4539 2.0
4539 2.0
4539 2.0
4524 2.0
4503 2.0
4478 2.0
4478 2.0
4478 2.0
4459 2.0
4459 2.0
4459 2.0
4459 2.0
4459 2.0
4452 2.0
4450 2.0
4450 2.0
4450 2.0
4449 2.0
4449 2.0
4449 2.0
4449 2.0
4417 2.0
4417 2.0
4417 2.0
4417 2.0
4417 2.0
4417 2.0
4417 2.0
4417 2.0
4417 2.0
4417 2.0
4417 2.0
4405 2.0
4405 2.0
4405 2.0
4405 2.0
4405 2.0
4405 2.0
4405 2.0
4405 2.0
4404 2.0
4404 2.0
4404 2.0
4404 2.0
4404 2.0
4404 2.0
4404 2.0
4404 2.0
4404 2.0
4404 2.0
4398 2.0
4394 2.0
4394 2.0
4394 2.0
4394 2.0
4394 2.0
4394 2.0
4394 2.0
4394 2.0
4394 2.0
4394 2.0
4394 2.0
4382 2.0
4382 2.0
4382 2.0
4382 2.0
4379 2.0
4379 2.0
4379 2.0
4379 2.0
4379 2.0
4379 2.0
4379 2.0
4379 2.0
4379 2.0
4379 2.0
4379 2.0
4379 2.0
4379 2.0
4379 2.0
4371 2.0
4371 2.0
4371 2.0
4371 2.0
4371 2.0
4363 2.0
4363 2.0
4363 2.0
4363 2.0
4363 2.0
4363 2.0
4363 3.0
4363 2.0
4363 2.0
4363 2.0
4360 2.0
4360 2.0
4355 2.0
4355 2.0
4352 2.0
4352 2.0
4352 2.0
4352 2.0
4343 2.0
4337 2.0
4334 2.0
4334 2.0
4334 2.0
4320 2.0
4320 2.0
4320 2.0
4320 2.0
4320 2.0
4320 2.0
4320 2.0
4316 2.0
4316 2.0
4316 2.0
4316 2.0
4316 2.0
4316 2.0
4316 2.0
4316 2.0
4308 2.0
4305 2.0
4298 2.0
4267 2.0
4267 2.0
4267 2.0
4267 2.0
4267 2.0
4267 2.0
4267 2.0
4267 2.0
4262 2.0
4262 2.0
4255 2.0
4255 2.0
4255 2.0
4240 2.0
4240 2.0
4240 2.0
4240 2.0
4240 2.0
4240 2.0
4240 2.0
4240 2.0
4239 2.0
4239 2.0
4239 1.0
4239 2.0
4239 2.0
4239 2.0
4239 2.0
4239 2.0
4239 2.0
4239 2.0
4239 2.0
4217 5.0
4217 6.0
4217 5.0
4210 5.0
4205 5.0
4191 2.0
4167 1.0
4167 1.0
4167 2.0
4167 1.0
4167 1.0
4166 2.0
4166 2.0
4166 3.0
4166 1.0
4166 1.0
4160 1.0
4160 1.0
4160 1.0
4160 1.0
4160 1.0
4160 1.0
4160 1.0
4160 1.0
4160 1.0
4160 1.0
4160 1.0
4160 1.0
4160 1.0
4160 1.0
4157 1.0
4157 1.0
4157 1.0
4132 1.0
4124 1.0
4124 1.0
4124 2.0
4124 3.0
4123 2.0
4119 2.0
4118 2.0
4118 2.0
4118 2.0
4118 1.0
4118 1.0
4118 1.0
4118 1.0
4118 1.0
4118 1.0
4118 1.0
4118 1.0
4118 1.0
4118 1.0
4118 1.0
4116 1.0
4104 1.0
4104 1.0
4104 1.0
4104 1.0
4104 1.0
4104 1.0
4104 1.0
4104 1.0
4104 1.0
4104 1.0
4104 1.0
4092 1.0
4092 1.0
4092 1.0
4049 1.0
4049 1.0
4049 1.0
4049 1.0
4049 1.0
4049 1.0
4036 1.0
4036 1.0
4036 1.0
4036 1.0
4031 1.0
4010 1.0
4010 1.0
4010 1.0
3976 2.0
3975 1.0
3975 1.0
3975 1.0
3975 1.0
3970 2.0
3970 2.0
3970 3.0
3955 1.0
3955 1.0
3955 1.0
3945 1.0
3945 1.0
3945 1.0
3945 2.0
3938 2.0
3938 1.0
3936 1.0
3936 1.0
3933 1.0
3910 1.0
3910 1.0
3890 3.0
3890 2.0
3878 2.0
3878 2.0
3862 2.0
3851 2.0
3851 1.0
3851 1.0
3851 1.0
3851 1.0
3851 1.0
3851 1.0
3851 1.0
3851 1.0
3851 1.0
3844 1.0
3844 1.0
3844 1.0
3844 1.0
3844 1.0
