First MST18179 113.0
18170 15.0
18163 13.0
18163 11.0
18159 16.0
18151 11.0
18145 11.0
18110 11.0
18110 11.0
18106 12.0
18083 11.0
18064 10.0
18064 10.0
18058 10.0
18053 11.0
18032 11.0
18032 10.0
18024 10.0
17996 10.0
17977 12.0
17977 13.0
17977 14.0
17977 15.0
17962 15.0
17962 15.0
17949 13.0
17883 10.0
17883 10.0
17872 9.0
17872 8.0
17872 8.0
17872 26.0
17831 10.0
17824 8.0
17800 8.0
17790 9.0
17790 8.0
17777 8.0
17776 8.0
17775 8.0
17775 8.0
17765 8.0
17754 8.0
17722 8.0
17722 8.0
17722 9.0
17722 10.0
17713 11.0
17703 11.0
17703 11.0
17703 10.0
17672 11.0
17672 15.0
17663 11.0
17636 10.0
17636 10.0
17636 7.0
17636 7.0
17618 7.0
17618 9.0
17618 8.0
17595 7.0
17580 7.0
17552 7.0
17552 7.0
17540 7.0
17540 7.0
17540 7.0
17518 7.0
17518 7.0
17506 7.0
17506 7.0
17487 7.0
17487 7.0
17480 7.0
17480 7.0
17465 7.0
17439 7.0
17439 9.0
17439 7.0
17426 7.0
17426 7.0
17406 7.0
17383 7.0
17383 7.0
17368 8.0
17362 9.0
17362 9.0
17362 9.0
17304 9.0
17301 9.0
17233 9.0
17233 8.0
17233 9.0
17233 8.0
17217 11.0
17217 12.0
17194 14.0
17189 13.0
17186 14.0
17186 13.0
17168 13.0
17165 11.0
17165 14.0
17165 11.0
17123 12.0
17059 11.0
17059 12.0
17059 13.0
17020 12.0
17001 14.0
17000 12.0
16995 13.0
16981 13.0
16966 12.0
16944 11.0
16944 8.0
16944 9.0
16941 8.0
16941 9.0
16941 8.0
16941 7.0
16936 7.0
16934 11.0
16923 12.0
16923 12.0
16922 11.0
16922 7.0
16906 7.0
16861 9.0
16844 8.0
16839 8.0
16839 8.0
16839 8.0
16839 8.0
16839 7.0
16839 7.0
16818 7.0
16818 8.0
16811 8.0
16783 11.0
16783 8.0
16783 7.0
16783 7.0
16775 8.0
16752 8.0
16752 7.0
16752 7.0
16732 7.0
16732 8.0
16721 8.0
16707 10.0
16696 8.0
16696 7.0
16696 7.0
16696 8.0
16696 8.0
16637 8.0
16609 7.0
16571 7.0
16545 7.0
16513 7.0
16513 7.0
16510 7.0
16494 7.0
16450 8.0
16432 7.0
16428 7.0
16427 7.0
16411 7.0
16403 7.0
16403 7.0
16403 7.0
16403 7.0
16376 7.0
16376 7.0
16376 7.0
16376 7.0
16329 7.0
16329 7.0
16327 7.0
16327 7.0
16327 7.0
16327 7.0
16327 7.0
16327 7.0
16327 7.0
16327 7.0
16318 7.0
16295 9.0
16293 10.0
16293 9.0
16285 9.0
16268 9.0
16268 8.0
16268 8.0
16249 9.0
16244 9.0
16244 9.0
16240 8.0
16240 8.0
16226 9.0
16209 8.0
16198 8.0
16193 8.0
16157 7.0
16157 7.0
16157 8.0
16157 9.0
16110 8.0
16110 8.0
16110 7.0
16110 8.0
16110 8.0
16076 7.0
16076 7.0
16041 8.0
15994 7.0
15994 8.0
15994 8.0
15976 8.0
15966 8.0
15966 8.0
15966 8.0
15926 8.0
15926 8.0
15926 7.0
15926 8.0
15898 8.0
15898 7.0
15898 8.0
15898 8.0
15898 8.0
15883 8.0
15883 14.0
15866 11.0
15864 8.0
15857 11.0
15857 10.0
15857 8.0
15857 12.0
15837 9.0
15837 14.0
15837 16.0
15763 18.0
15736 19.0
15736 19.0
15685 18.0
15670 7.0
15658 7.0
15632 7.0
15632 7.0
15592 8.0
15588 9.0
15588 8.0
15547 9.0
15547 9.0
15529 8.0
15525 10.0
15517 9.0
15516 9.0
15516 8.0
15516 8.0
15516 8.0
15498 9.0
15483 9.0
15483 7.0
15476 11.0
15458 12.0
15458 9.0
15458 8.0
15458 8.0
15458 8.0
15430 8.0
15380 8.0
15380 8.0
15379 7.0
15367 7.0
15367 9.0
15354 10.0
15354 9.0
15354 8.0
15349 8.0
15349 9.0
15349 7.0
15349 7.0
15329 7.0
15319 8.0
15319 7.0
15319 8.0
15315 8.0
15274 8.0
15274 9.0
15274 8.0
15259 8.0
15259 9.0
15259 8.0
15259 8.0
15230 9.0
15230 11.0
15230 10.0
15230 9.0
15230 10.0
15202 8.0
15202 9.0
15202 7.0
15202 9.0
15145 9.0
15145 9.0
15145 8.0
15118 7.0
15118 8.0
15118 8.0
15102 7.0
15091 8.0
15091 9.0
15086 8.0
15076 7.0
14999 7.0
14999 7.0
14999 7.0
14999 7.0
14997 7.0
14947 7.0
14923 7.0
14923 7.0
14923 7.0
14889 8.0
14889 9.0
14854 9.0
14853 10.0
14853 8.0
14840 9.0
14840 8.0
14840 9.0
14840 8.0
14840 8.0
14840 9.0
14814 8.0
14814 9.0
14814 8.0
14814 10.0
14814 8.0
14814 9.0
14810 9.0
14810 9.0
14803 9.0
14796 8.0
14796 9.0
14796 8.0
14796 7.0
14729 7.0
14729 10.0
14668 8.0
14666 9.0
14648 8.0
14644 8.0
14644 7.0
14644 7.0
14640 7.0
14640 7.0
14637 7.0
14614 7.0
14609 7.0
14585 7.0
14545 7.0
14545 7.0
14545 7.0
14531 7.0
14522 7.0
14522 7.0
14522 7.0
14510 8.0
14510 7.0
14510 7.0
14510 7.0
14510 7.0
14510 7.0
14510 7.0
14510 7.0
14510 7.0
14458 7.0
14407 7.0
14394 7.0
14393 8.0
14374 9.0
14366 9.0
14328 10.0
14322 9.0
14322 8.0
14318 7.0
14293 7.0
14286 7.0
14286 7.0
14286 7.0
14286 7.0
14248 7.0
14241 7.0
14241 7.0
14241 7.0
14241 7.0
14241 8.0
14233 8.0
14233 7.0
14231 10.0
14231 8.0
14231 7.0
14228 8.0
14224 7.0
14224 10.0
14224 8.0
14162 7.0
14159 7.0
14159 9.0
14149 9.0
14113 8.0
14113 10.0
14097 8.0
14091 8.0
14091 10.0
14091 8.0
14090 10.0
14090 8.0
14060 7.0
14059 8.0
14050 8.0
14050 7.0
14050 10.0
14048 8.0
14048 7.0
14048 8.0
14048 7.0
14047 9.0
14047 7.0
14047 7.0
14047 10.0
14047 8.0
14042 8.0
14042 8.0
14015 8.0
14015 8.0
13992 9.0
13975 10.0
13975 9.0
13965 8.0
13965 9.0
13965 8.0
13938 9.0
13938 9.0
13912 9.0
13908 10.0
13908 9.0
13908 9.0
13874 8.0
13866 8.0
13862 9.0
13817 9.0
13817 10.0
13797 8.0
13797 9.0
13788 8.0
13781 11.0
13781 10.0
13781 8.0
13773 9.0
13773 9.0
13773 8.0
13708 7.0
13708 7.0
13679 7.0
13673 7.0
13673 7.0
13673 7.0
13673 9.0
13670 10.0
13670 9.0
13670 8.0
13670 8.0
13670 9.0
13670 9.0
13670 8.0
13614 10.0
13614 8.0
13614 10.0
13614 9.0
13559 8.0
13559 10.0
13559 8.0
13556 9.0
13555 8.0
13543 9.0
13535 8.0
13535 8.0
13535 8.0
13535 10.0
13535 10.0
13535 8.0
13524 9.0
13513 8.0
13513 9.0
13513 8.0
13513 8.0
13513 8.0
13513 10.0
13491 11.0
13491 8.0
13491 10.0
13491 9.0
13491 8.0
13481 10.0
13481 10.0
13474 9.0
13473 9.0
13441 8.0
13441 7.0
13441 7.0
13441 8.0
13438 7.0
13438 7.0
13438 8.0
13430 7.0
13412 8.0
13402 8.0
13384 7.0
13384 7.0
13384 7.0
13384 7.0
13384 7.0
13379 7.0
13379 8.0
13379 8.0
13379 8.0
13379 7.0
13379 8.0
13379 8.0
13375 8.0
13375 7.0
13366 8.0
13366 8.0
13359 8.0
13282 8.0
13282 11.0
13281 8.0
13281 8.0
13281 9.0
13281 9.0
13281 9.0
13273 10.0
13260 10.0
13256 8.0
13256 9.0
13256 8.0
13239 9.0
13239 10.0
13224 8.0
13221 9.0
13187 8.0
13187 9.0
13187 9.0
13187 9.0
13187 9.0
13187 8.0
13184 8.0
13184 10.0
13184 8.0
13183 8.0
13183 9.0
13167 8.0
13148 8.0
13142 8.0
13106 8.0
13106 12.0
13097 11.0
13097 9.0
13080 8.0
13080 8.0
13080 8.0
13080 8.0
13080 8.0
13080 8.0
13080 8.0
13041 8.0
13041 8.0
13041 8.0
13041 8.0
13041 8.0
13041 8.0
13041 8.0
13041 8.0
13026 8.0
13024 8.0
13006 8.0
13006 9.0
12949 8.0
12929 8.0
12893 8.0
12873 8.0
12871 9.0
12871 15.0
12871 11.0
12871 11.0
12854 12.0
12854 16.0
12843 9.0
12829 11.0
12826 9.0
12826 8.0
12826 8.0
12826 8.0
12826 8.0
12826 15.0
12826 11.0
12826 8.0
12821 10.0
12821 8.0
12821 8.0
12821 8.0
12791 8.0
12773 8.0
12773 8.0
12773 8.0
12773 8.0
12753 9.0
12753 10.0
12751 8.0
12751 8.0
12751 8.0
12739 8.0
12731 10.0
12731 10.0
12731 9.0
12725 11.0
12725 12.0
12725 20.0
12725 21.0
12692 15.0
12692 12.0
12692 9.0
12672 11.0
12672 12.0
12672 8.0
12669 10.0
12669 12.0
12667 8.0
12647 9.0
12647 10.0
12638 9.0
12638 9.0
12638 8.0
12598 11.0
12594 16.0
12594 11.0
12594 8.0
12594 10.0
12588 10.0
12588 9.0
12588 11.0
12588 10.0
12563 9.0
12525 10.0
12525 8.0
12478 51.0
12469 102.0
12469 61.0
12454 27.0
12454 15.0
12454 28.0
12454 161.0
12454 17.0
12454 9.0
12445 9.0
12425 8.0
12425 9.0
12425 8.0
12425 8.0
12425 8.0
12410 10.0
12399 10.0
12399 9.0
12386 9.0
12386 9.0
12386 9.0
12386 9.0
12382 9.0
12377 8.0
12377 8.0
12377 8.0
12348 8.0
12348 8.0
12333 8.0
12333 9.0
12333 8.0
12329 8.0
12329 9.0
12317 9.0
12311 13.0
12311 8.0
12301 10.0
12301 9.0
12288 9.0
12288 8.0
12261 9.0
12254 8.0
12254 9.0
12248 9.0
12248 9.0
12248 9.0
12248 9.0
12248 10.0
12248 9.0
12188 9.0
12188 9.0
12188 10.0
12171 11.0
12171 9.0
12171 9.0
12171 9.0
12135 9.0
12135 13.0
12135 9.0
12130 9.0
12130 9.0
12130 9.0
12130 9.0
12130 10.0
12130 9.0
12130 9.0
12130 9.0
12130 9.0
12130 9.0
12130 9.0
12129 9.0
12129 9.0
12127 10.0
12127 8.0
12124 8.0
12099 8.0
12099 8.0
12099 11.0
12099 10.0
12099 9.0
12099 8.0
12085 8.0
12085 8.0
12085 8.0
12085 8.0
12073 8.0
12073 9.0
12073 9.0
12073 8.0
12061 8.0
12043 8.0
12043 10.0
12043 12.0
12043 9.0
12043 8.0
12043 8.0
12043 10.0
12032 9.0
12032 8.0
12032 9.0
12028 8.0
12028 8.0
12028 10.0
12028 12.0
12028 15.0
12028 12.0
12028 10.0
11991 9.0
11979 10.0
11979 9.0
11979 9.0
11979 11.0
11979 18.0
11979 11.0
11979 12.0
11979 9.0
11979 9.0
11979 9.0
11979 9.0
11979 9.0
11979 9.0
11979 9.0
11979 9.0
11968 13.0
11968 15.0
11968 11.0
11968 9.0
11959 9.0
11959 9.0
11959 9.0
11954 9.0
11954 9.0
11954 10.0
11924 9.0
11924 9.0
11924 9.0
11924 9.0
11907 9.0
11907 10.0
11907 12.0
11907 9.0
11899 9.0
11890 9.0
11878 9.0
11878 9.0
11878 8.0
11878 8.0
11878 9.0
11864 8.0
11862 9.0
11862 9.0
11862 14.0
11862 13.0
11862 12.0
11831 9.0
11829 8.0
11824 8.0
11824 8.0
11824 9.0
11824 9.0
11820 9.0
11812 16.0
11806 11.0
11806 9.0
11806 9.0
11783 10.0
11783 9.0
11783 9.0
11783 9.0
11783 10.0
11783 9.0
11783 9.0
11765 10.0
11765 9.0
11760 10.0
11760 10.0
11760 9.0
11760 11.0
11740 9.0
11726 12.0
11726 14.0
11726 13.0
11690 16.0
11690 16.0
11667 15.0
11667 15.0
11667 16.0
11667 13.0
11667 17.0
11667 14.0
11667 15.0
11667 16.0
11651 20.0
11651 24.0
11644 16.0
11644 15.0
11644 16.0
11631 14.0
11631 12.0
11617 11.0
11600 8.0
11591 9.0
11591 9.0
11577 8.0
11576 9.0
11534 8.0
11534 8.0
11534 9.0
11515 9.0
11515 8.0
11515 8.0
11515 8.0
11515 8.0
11512 9.0
11512 8.0
11512 8.0
11512 8.0
11512 8.0
11512 9.0
11502 9.0
11502 9.0
11502 9.0
11491 9.0
11491 9.0
11491 9.0
11491 9.0
11458 9.0
11458 9.0
11457 8.0
11443 9.0
11443 9.0
11423 10.0
11423 8.0
11423 10.0
11423 13.0
11415 10.0
11415 18.0
11415 16.0
11412 15.0
11412 23.0
11412 21.0
11406 15.0
11376 14.0
11376 10.0
11376 9.0
11376 9.0
11376 9.0
11376 8.0
11376 8.0
11376 9.0
11362 12.0
11362 9.0
11362 9.0
11345 9.0
11338 8.0
11338 8.0
11325 8.0
11325 9.0
11319 9.0
11319 8.0
11319 8.0
11298 8.0
11298 10.0
11298 9.0
11285 9.0
11285 8.0
11285 10.0
11285 8.0
11285 8.0
11283 8.0
11281 8.0
11273 9.0
11239 9.0
11239 8.0
11239 9.0
11229 8.0
11229 9.0
11229 9.0
11229 9.0
11229 9.0
11229 9.0
11154 9.0
11103 8.0
11103 8.0
11085 9.0
11082 14.0
11082 19.0
11082 27.0
11082 20.0
11072 16.0
11064 15.0
11047 13.0
11047 17.0
11047 19.0
11046 16.0
11045 17.0
11004 16.0
11004 16.0
11004 16.0
10990 16.0
10990 18.0
10990 16.0
10990 11.0
10990 9.0
10981 11.0
10957 9.0
10955 10.0
10951 9.0
10951 9.0
10951 9.0
10934 9.0
10934 9.0
10934 9.0
10934 9.0
10924 9.0
10924 9.0
10924 9.0
10924 9.0
10922 9.0
10897 10.0
10877 17.0
10868 11.0
10854 9.0
10827 19.0
10827 19.0
10803 19.0
10782 19.0
10782 18.0
10782 18.0
10782 14.0
10782 15.0
10782 21.0
10782 16.0
10782 10.0
10782 9.0
10782 9.0
10764 9.0
10753 9.0
10753 9.0
10753 9.0
