First MST37004 290.0
37000 57.0
36988 44.0
36988 45.0
36981 123.0
36957 179.0
36925 162.0
36852 65.0
36852 42.0
36852 51.0
36823 46.0
36789 43.0
36789 42.0
36766 42.0
36762 43.0
36753 60.0
36737 60.0
36704 61.0
36657 65.0
36655 43.0
36655 67.0
36655 108.0
36655 113.0
36629 99.0
36595 42.0
36565 69.0
36559 43.0
36558 37.0
36554 40.0
36554 40.0
36554 39.0
36527 40.0
36470 42.0
36456 41.0
36438 42.0
36432 59.0
36432 71.0
36390 62.0
36383 77.0
36365 82.0
36316 87.0
36283 77.0
36267 91.0
36241 71.0
36241 44.0
36241 45.0
36241 55.0
36186 51.0
36185 56.0
36185 48.0
36185 47.0
36183 66.0
36183 63.0
36145 47.0
36088 44.0
36088 43.0
36088 44.0
36069 43.0
36069 44.0
36069 44.0
36069 41.0
36069 42.0
36069 50.0
36069 42.0
36069 41.0
36051 41.0
36051 42.0
36051 42.0
36040 42.0
36040 42.0
36016 43.0
36016 42.0
36002 43.0
35997 46.0
35970 45.0
35970 42.0
35948 78.0
35948 80.0
35948 81.0
35948 80.0
35861 77.0
35861 50.0
35844 44.0
35842 42.0
35842 43.0
35800 42.0
35780 41.0
35780 42.0
35780 41.0
35752 42.0
35731 43.0
35731 44.0
35731 48.0
35721 43.0
35721 45.0
35721 46.0
35721 44.0
35717 46.0
35717 46.0
35648 47.0
35614 45.0
35597 45.0
35594 46.0
35594 48.0
35594 41.0
35526 42.0
35522 41.0
35468 41.0
35468 42.0
35468 41.0
35433 41.0
35427 42.0
35358 43.0
35327 46.0
35315 42.0
35310 46.0
35308 41.0
35280 42.0
35273 41.0
35273 44.0
35273 48.0
35273 48.0
35273 48.0
35268 48.0
35268 48.0
35268 51.0
35268 50.0
35254 49.0
35239 43.0
35181 49.0
35154 47.0
35149 48.0
35149 48.0
35136 49.0
35136 48.0
35129 48.0
35129 50.0
35126 49.0
35126 48.0
35118 48.0
35118 47.0
35118 47.0
35118 42.0
35118 41.0
35118 41.0
35118 40.0
35118 41.0
35118 47.0
35108 41.0
35108 41.0
35103 42.0
35093 42.0
35093 41.0
35092 42.0
35092 42.0
35092 41.0
35086 41.0
35074 41.0
35034 43.0
35031 43.0
35005 44.0
34987 41.0
34986 41.0
34982 41.0
34951 42.0
34908 41.0
34888 40.0
34847 43.0
34809 42.0
34787 41.0
34782 48.0
34779 42.0
34779 40.0
34779 42.0
34779 42.0
34779 41.0
34779 42.0
34771 41.0
34771 42.0
34733 41.0
34698 46.0
34698 41.0
34690 48.0
34690 41.0
34673 41.0
34668 41.0
34668 41.0
34668 43.0
34655 42.0
34641 43.0
34641 42.0
34641 42.0
34640 42.0
34638 43.0
34638 49.0
34638 42.0
34628 41.0
34628 41.0
34608 41.0
34604 41.0
34604 41.0
34588 41.0
34559 42.0
34543 41.0
34543 42.0
34506 47.0
34506 42.0
34469 41.0
34469 42.0
34453 41.0
34453 41.0
34453 41.0
34453 41.0
34453 40.0
34448 41.0
34426 41.0
34414 41.0
34387 45.0
34350 42.0
34335 41.0
34328 41.0
34328 40.0
34328 40.0
34328 40.0
34323 40.0
34303 41.0
34303 40.0
34303 41.0
34269 41.0
34269 46.0
34269 42.0
34269 40.0
34253 40.0
34227 44.0
34227 40.0
34197 40.0
34197 41.0
34115 43.0
34115 40.0
34115 40.0
34115 40.0
34064 47.0
34058 42.0
34050 40.0
34010 39.0
33983 41.0
33983 40.0
33950 41.0
33914 41.0
33884 41.0
33884 41.0
33884 41.0
33878 45.0
33878 51.0
33878 42.0
33861 43.0
33852 41.0
33829 41.0
33818 41.0
33810 42.0
33786 42.0
33726 42.0
33726 43.0
33726 42.0
33714 41.0
33701 48.0
33701 43.0
33685 42.0
33679 40.0
33679 41.0
33679 41.0
33679 41.0
33679 41.0
33670 41.0
33670 42.0
33670 44.0
33617 46.0
33588 47.0
33588 43.0
33585 40.0
33585 42.0
33578 41.0
33578 41.0
33568 41.0
33568 41.0
33568 40.0
33552 41.0
33545 42.0
33545 45.0
33545 47.0
33539 41.0
33510 41.0
33508 40.0
33508 41.0
33486 41.0
33486 43.0
33479 42.0
33479 42.0
33444 41.0
33444 42.0
33444 47.0
33444 44.0
33444 42.0
33425 41.0
33425 41.0
33425 41.0
33420 41.0
33410 43.0
33410 43.0
33410 42.0
33390 41.0
33390 41.0
33344 50.0
33344 42.0
33324 47.0
33324 42.0
33283 41.0
33273 41.0
33207 60.0
33207 66.0
33207 61.0
33207 46.0
33202 49.0
33202 41.0
33147 43.0
33147 41.0
33093 42.0
33083 44.0
33083 41.0
33057 42.0
33050 41.0
33026 40.0
33010 40.0
33010 41.0
33010 49.0
33010 41.0
33010 39.0
33010 41.0
32938 40.0
32938 40.0
32928 41.0
32887 40.0
32887 40.0
32887 39.0
32868 41.0
32808 44.0
32796 46.0
32791 39.0
32791 40.0
32791 41.0
32791 43.0
32791 41.0
32740 38.0
32732 43.0
32727 41.0
32705 40.0
32705 42.0
32705 41.0
32705 49.0
32666 42.0
32666 40.0
32666 40.0
32643 41.0
32637 39.0
32619 40.0
32579 41.0
32579 45.0
32579 40.0
32554 38.0
32535 41.0
32532 45.0
32522 44.0
32487 40.0
32487 41.0
32487 43.0
32487 42.0
32487 43.0
32487 40.0
32487 44.0
32463 41.0
32463 39.0
32447 50.0
32429 42.0
32429 41.0
32429 45.0
32426 40.0
32412 39.0
32399 41.0
32363 41.0
32360 40.0
32357 43.0
32357 42.0
32330 38.0
32319 49.0
32319 41.0
32319 42.0
32319 38.0
32308 44.0
32308 42.0
32308 40.0
32308 41.0
32308 40.0
32308 43.0
32308 39.0
32308 40.0
32308 48.0
32308 42.0
32250 41.0
32239 41.0
32220 40.0
32220 42.0
32200 41.0
32188 39.0
32188 39.0
32179 41.0
32129 43.0
32129 42.0
32116 48.0
32099 39.0
32099 41.0
32099 41.0
32099 41.0
32081 41.0
32068 39.0
32058 42.0
32058 41.0
32058 42.0
32058 39.0
32058 41.0
32011 50.0
32011 42.0
32011 43.0
32011 41.0
31929 41.0
31929 42.0
31929 42.0
31929 40.0
31921 40.0
31905 41.0
31905 44.0
31905 41.0
31899 48.0
31870 44.0
31870 41.0
31831 40.0
31784 41.0
31784 40.0
31738 38.0
31690 39.0
31671 43.0
31614 41.0
31614 40.0
31614 41.0
31614 47.0
31596 39.0
31595 41.0
31595 42.0
31595 38.0
31579 41.0
31564 41.0
31563 39.0
31490 40.0
31490 40.0
31490 39.0
31473 41.0
31473 47.0
31473 39.0
31461 42.0
31430 44.0
31411 38.0
31411 41.0
31411 42.0
31409 41.0
31395 41.0
31385 40.0
31385 41.0
31385 40.0
31385 48.0
31378 43.0
31378 41.0
31378 42.0
31372 40.0
31372 41.0
31372 41.0
31372 42.0
31343 43.0
31343 42.0
31343 42.0
31343 46.0
31331 45.0
31323 42.0
31323 40.0
31323 41.0
31314 41.0
31314 41.0
31275 41.0
31275 41.0
31238 41.0
31238 41.0
31238 40.0
31238 44.0
31236 44.0
31236 41.0
31236 40.0
31183 42.0
31183 41.0
31183 40.0
31178 41.0
31178 41.0
31147 42.0
31147 42.0
31147 38.0
31142 48.0
31121 45.0
31121 42.0
31121 40.0
31088 42.0
31087 42.0
31087 41.0
31081 42.0
31080 42.0
31071 42.0
31029 43.0
30982 43.0
30982 49.0
30982 42.0
30978 42.0
30978 42.0
30971 41.0
30971 41.0
30971 41.0
30971 41.0
30971 40.0
30971 40.0
30971 41.0
30937 38.0
30932 48.0
30922 42.0
30922 43.0
30915 41.0
30908 42.0
30877 42.0
30877 39.0
30877 43.0
30877 45.0
30877 40.0
30877 42.0
30863 46.0
30855 43.0
30844 42.0
30841 42.0
30841 40.0
30841 42.0
30833 42.0
30816 40.0
30815 41.0
30773 42.0
30773 40.0
30773 42.0
30773 48.0
30773 44.0
30747 41.0
30732 42.0
30732 41.0
30729 43.0
30725 40.0
30722 42.0
30680 41.0
30680 41.0
30662 42.0
30652 40.0
30652 50.0
30645 41.0
30603 42.0
30593 41.0
30593 42.0
30593 38.0
30577 42.0
30577 41.0
30577 39.0
30577 41.0
30577 42.0
30577 39.0
30577 50.0
30577 42.0
30577 40.0
30577 43.0
30577 41.0
30577 41.0
30577 40.0
30573 39.0
30558 39.0
30558 42.0
30540 40.0
30532 41.0
30529 49.0
30522 41.0
30510 43.0
30510 42.0
30510 42.0
30510 41.0
30510 44.0
30510 35.0
30497 39.0
30431 38.0
30429 35.0
30429 39.0
30407 41.0
30407 36.0
30396 38.0
30396 34.0
30396 41.0
30396 36.0
30396 39.0
30396 36.0
30396 34.0
30396 36.0
30385 35.0
30341 35.0
30341 35.0
30341 33.0
30341 40.0
30315 43.0
30315 36.0
30315 35.0
30293 35.0
30293 36.0
30277 35.0
30268 35.0
30268 33.0
30268 35.0
30249 37.0
30249 35.0
30249 35.0
30249 36.0
30249 40.0
30249 38.0
30242 35.0
30234 34.0
30234 36.0
30234 36.0
30228 35.0
30224 34.0
30224 36.0
30213 35.0
30208 34.0
30199 35.0
30199 33.0
30199 39.0
30199 36.0
30133 35.0
30127 33.0
30127 39.0
30127 35.0
30127 36.0
30127 37.0
30127 35.0
30127 35.0
30114 36.0
30092 35.0
30084 36.0
30076 35.0
30060 43.0
30060 36.0
30044 33.0
30044 35.0
30044 35.0
30018 34.0
29970 35.0
29970 38.0
29959 38.0
29942 35.0
29913 39.0
29913 36.0
29913 39.0
29913 35.0
29896 41.0
29870 35.0
29850 38.0
29841 41.0
29815 44.0
29810 40.0
29752 43.0
29734 42.0
29709 38.0
29709 37.0
29709 38.0
29697 38.0
29697 37.0
29666 39.0
29666 36.0
29666 35.0
29662 37.0
29662 36.0
29660 35.0
29636 34.0
29634 36.0
29620 35.0
29612 35.0
29579 37.0
29579 35.0
29569 38.0
29556 36.0
29530 35.0
29523 35.0
29473 36.0
29473 32.0
29473 35.0
29473 36.0
29473 35.0
29464 34.0
29463 36.0
29463 35.0
29463 36.0
29463 33.0
29463 37.0
29463 38.0
29448 44.0
29448 37.0
29448 36.0
29400 33.0
29400 35.0
29391 36.0
29391 36.0
29391 33.0
29359 36.0
29359 35.0
29359 35.0
29349 34.0
29349 45.0
29349 40.0
29349 36.0
29349 34.0
29345 37.0
29345 33.0
29345 36.0
29334 34.0
29333 34.0
29333 32.0
29333 36.0
29333 34.0
29327 35.0
29327 35.0
29306 40.0
29306 34.0
29306 36.0
29281 33.0
29281 34.0
29281 34.0
29281 34.0
29281 34.0
29281 35.0
29281 35.0
29278 34.0
29278 36.0
29278 41.0
29278 35.0
29278 41.0
29276 34.0
29276 35.0
29276 35.0
29272 36.0
29272 36.0
29272 35.0
29272 36.0
29272 38.0
29272 34.0
29268 36.0
29268 35.0
29262 35.0
29262 36.0
29262 46.0
29262 39.0
29262 34.0
29262 35.0
29262 32.0
29262 35.0
29262 33.0
29262 34.0
29213 35.0
29213 36.0
29213 34.0
29212 35.0
29212 33.0
29204 38.0
29204 41.0
29204 37.0
29183 35.0
29176 36.0
29176 34.0
29176 33.0
29170 35.0
29170 35.0
29170 35.0
29144 36.0
29144 35.0
29144 35.0
29144 35.0
29115 35.0
29115 41.0
29115 35.0
29113 38.0
29113 33.0
29100 35.0
29100 35.0
29100 33.0
29063 35.0
29063 37.0
29063 37.0
29060 35.0
28975 34.0
28929 36.0
28929 35.0
28929 39.0
28929 35.0
28922 35.0
28920 33.0
28898 35.0
28898 36.0
28894 33.0
28894 38.0
28885 36.0
28867 35.0
28857 38.0
28853 34.0
28853 34.0
28840 36.0
28840 36.0
28840 35.0
28790 35.0
28790 34.0
28790 35.0
28790 33.0
28720 36.0
28720 34.0
28719 37.0
28719 34.0
28719 32.0
28718 36.0
28623 34.0
28595 35.0
28595 41.0
28595 34.0
28570 36.0
28570 35.0
28551 38.0
28551 37.0
28551 34.0
28551 33.0
28551 34.0
28551 34.0
28551 35.0
28551 36.0
28546 34.0
28546 35.0
28539 42.0
28539 35.0
28539 38.0
28490 36.0
28450 34.0
28444 34.0
28436 35.0
28429 35.0
28416 34.0
28393 36.0
28388 37.0
28381 36.0
28368 34.0
28368 35.0
28340 39.0
28340 35.0
28340 34.0
28340 35.0
28340 36.0
28302 33.0
28302 37.0
28302 39.0
28302 35.0
28302 35.0
28279 35.0
28276 38.0
28249 34.0
28249 39.0
28249 38.0
28249 36.0
28249 35.0
28223 35.0
28198 33.0
28198 34.0
28186 35.0
28178 34.0
28178 36.0
28169 35.0
28169 34.0
28169 35.0
28169 35.0
28138 39.0
28107 37.0
28107 36.0
28087 35.0
28087 35.0
28087 35.0
28087 35.0
28080 35.0
28068 37.0
28068 35.0
28068 33.0
28068 35.0
28068 34.0
28068 34.0
28068 40.0
28060 38.0
28060 35.0
28045 34.0
28045 35.0
28036 33.0
28036 39.0
27992 35.0
27992 35.0
27991 33.0
27991 35.0
27991 34.0
27990 35.0
27982 33.0
27961 39.0
27959 36.0
27959 35.0
27959 35.0
27959 36.0
27959 33.0
27935 35.0
27914 33.0
27908 35.0
27908 33.0
27908 35.0
27908 34.0
27908 37.0
27908 33.0
27908 37.0
27908 41.0
27906 38.0
27906 34.0
27838 39.0
27762 34.0
27762 35.0
27726 33.0
27706 35.0
27706 32.0
27706 40.0
27706 33.0
27706 36.0
27698 33.0
27687 38.0
27687 36.0
27687 35.0
27680 33.0
27671 34.0
27651 37.0
27651 34.0
27651 33.0
27638 35.0
27638 32.0
27638 35.0
27638 34.0
27638 36.0
27577 32.0
27565 36.0
27481 37.0
27458 36.0
27458 34.0
27458 35.0
27443 35.0
27443 35.0
27443 34.0
27443 34.0
27411 35.0
27402 36.0
27402 36.0
27402 37.0
27383 35.0
27358 34.0
27358 40.0
27355 34.0
27355 35.0
27330 36.0
27330 35.0
27300 37.0
27295 36.0
27295 34.0
27295 36.0
27295 34.0
27280 35.0
27280 38.0
27280 34.0
27280 36.0
27280 38.0
27238 35.0
27238 35.0
27219 36.0
27219 35.0
27219 33.0
