First MST73514 868.0
73457 212.0
73431 190.0
73431 164.0
73431 204.0
73406 255.0
73404 275.0
73392 168.0
73392 185.0
73385 189.0
73324 176.0
73307 203.0
73307 188.0
73278 210.0
73276 229.0
73270 223.0
73270 207.0
73270 235.0
73215 239.0
73209 203.0
73209 265.0
73209 215.0
73209 218.0
73196 205.0
73196 205.0
73119 171.0
73072 191.0
73072 189.0
73028 189.0
73028 182.0
73028 187.0
73028 191.0
73028 190.0
73016 187.0
73014 183.0
73009 199.0
72994 191.0
72969 189.0
72926 170.0
72900 190.0
72897 290.0
72880 211.0
72868 223.0
72793 543.0
72793 227.0
72793 243.0
72793 218.0
72724 239.0
72724 262.0
72724 239.0
72698 186.0
72641 220.0
72641 249.0
72616 233.0
72591 215.0
72591 236.0
72576 250.0
72576 203.0
72576 252.0
72576 240.0
72569 230.0
72530 232.0
72487 249.0
72483 223.0
72483 260.0
72466 291.0
72466 237.0
72466 244.0
72463 250.0
72463 206.0
72462 265.0
72462 250.0
72435 187.0
72435 247.0
72432 225.0
72432 279.0
72395 264.0
72395 217.0
72384 258.0
72384 216.0
72353 233.0
72353 239.0
72311 232.0
72311 243.0
72311 209.0
72282 247.0
72233 193.0
72233 243.0
72196 216.0
72160 226.0
72111 251.0
72111 204.0
72058 247.0
72058 184.0
72058 247.0
72021 235.0
72021 201.0
72003 240.0
72003 225.0
71985 209.0
71985 228.0
71912 282.0
71896 212.0
71896 250.0
71896 238.0
71862 257.0
71821 230.0
71821 198.0
71799 382.0
71780 258.0
71766 187.0
71728 358.0
71711 186.0
71711 249.0
71672 222.0
71672 383.0
71666 242.0
71666 210.0
71636 232.0
71636 199.0
71636 233.0
71636 225.0
71636 202.0
71632 253.0
71618 198.0
71618 198.0
71604 229.0
71598 232.0
71598 201.0
71533 190.0
71489 257.0
71479 232.0
71479 222.0
71479 225.0
71479 235.0
71479 242.0
71479 240.0
71469 197.0
71469 235.0
71431 240.0
71431 234.0
71431 251.0
71431 191.0
71430 248.0
71424 193.0
71424 238.0
71412 209.0
71403 246.0
71400 252.0
71399 233.0
71399 222.0
71370 224.0
71370 212.0
71370 229.0
71370 209.0
71360 232.0
71360 197.0
71348 222.0
71328 234.0
71324 202.0
71298 227.0
71287 246.0
71287 191.0
71283 217.0
71283 234.0
71283 186.0
71267 193.0
71255 228.0
71228 238.0
71205 222.0
71191 254.0
71191 238.0
71189 229.0
71184 236.0
71184 197.0
71134 245.0
71134 199.0
71112 255.0
71112 202.0
71112 261.0
71104 239.0
71104 232.0
71102 249.0
71102 201.0
71095 251.0
71095 212.0
71095 210.0
71095 240.0
71094 202.0
71068 200.0
71009 250.0
71009 238.0
70998 214.0
70998 243.0
70998 207.0
70998 245.0
70962 255.0
70935 251.0
70923 249.0
70889 200.0
70889 241.0
70872 226.0
70861 265.0
70837 232.0
70837 262.0
70776 209.0
70776 236.0
70776 220.0
70776 233.0
70747 215.0
70747 223.0
70747 245.0
70738 205.0
70738 242.0
70703 229.0
70664 196.0
70664 258.0
70664 221.0
70664 205.0
70664 212.0
70656 241.0
70610 194.0
70610 232.0
70610 193.0
70609 229.0
70599 209.0
70599 229.0
70599 246.0
70583 206.0
70583 242.0
70583 199.0
70583 212.0
70583 245.0
70559 188.0
70559 207.0
70559 235.0
70559 196.0
70485 243.0
70485 190.0
70485 248.0
70485 189.0
70470 252.0
70464 191.0
70460 240.0
70460 238.0
70433 213.0
70413 241.0
70363 188.0
70353 236.0
70263 237.0
70263 203.0
70247 235.0
70205 199.0
70188 242.0
70188 191.0
70131 240.0
70113 195.0
70100 247.0
70095 188.0
70095 252.0
70086 190.0
70050 237.0
70050 239.0
70050 206.0
70040 244.0
70017 188.0
70017 241.0
69979 232.0
69956 200.0
69956 230.0
69955 240.0
69955 197.0
69955 192.0
69909 226.0
69882 231.0
69882 197.0
69804 238.0
69774 199.0
69774 234.0
69747 240.0
69747 239.0
69747 243.0
69726 239.0
69726 227.0
69726 247.0
69726 216.0
69708 242.0
69690 228.0
69690 226.0
69690 218.0
69672 172.0
69650 201.0
69650 157.0
69650 189.0
69628 204.0
69628 163.0
69628 189.0
69628 197.0
69578 166.0
69578 178.0
69578 184.0
69578 203.0
69578 171.0
69545 193.0
69545 173.0
69545 188.0
69545 193.0
69537 187.0
69537 195.0
69537 164.0
69529 197.0
69529 169.0
69529 184.0
69526 199.0
69500 164.0
69500 191.0
69480 200.0
69480 172.0
69458 205.0
69458 164.0
69458 207.0
69457 168.0
69429 193.0
69417 179.0
69397 183.0
69397 191.0
69388 175.0
69388 198.0
69382 175.0
69382 201.0
69377 160.0
69377 199.0
69367 206.0
69330 171.0
69330 204.0
69330 189.0
69323 204.0
69323 191.0
69311 198.0
69311 183.0
69279 196.0
69270 183.0
69270 206.0
69270 174.0
69270 197.0
69270 206.0
69244 206.0
69240 209.0
69240 164.0
69240 202.0
69203 166.0
69203 195.0
69201 174.0
69201 213.0
69190 219.0
69184 297.0
69184 232.0
69184 247.0
69180 293.0
69147 250.0
69147 230.0
69147 203.0
69144 208.0
69144 193.0
69125 194.0
69109 223.0
69109 165.0
69109 201.0
69070 173.0
69045 313.0
69045 174.0
69036 203.0
69033 213.0
69033 251.0
69033 223.0
69033 463.0
69033 298.0
69033 415.0
69033 436.0
69033 201.0
69033 237.0
69033 165.0
69033 202.0
69033 225.0
69021 220.0
69011 189.0
68999 238.0
68990 195.0
68972 227.0
68972 180.0
68972 239.0
68972 174.0
68970 188.0
68962 194.0
68954 198.0
68954 229.0
68954 191.0
68940 201.0
68940 219.0
68940 172.0
68884 172.0
68874 210.0
68867 225.0
68831 179.0
68807 213.0
68807 187.0
68807 188.0
68777 210.0
68776 321.0
68763 286.0
68737 188.0
68729 194.0
68707 206.0
68707 290.0
68661 422.0
68641 442.0
68641 302.0
68629 227.0
68611 195.0
68611 252.0
68611 187.0
68611 202.0
68596 171.0
68596 189.0
68596 368.0
68588 181.0
68588 199.0
68574 206.0
68556 187.0
68556 209.0
68556 209.0
68556 209.0
68556 240.0
68556 182.0
68551 199.0
68551 216.0
68551 184.0
68544 176.0
68544 166.0
68514 158.0
68514 162.0
68486 169.0
68471 161.0
68471 174.0
68469 190.0
68461 194.0
68461 166.0
68441 165.0
68441 194.0
68419 159.0
68348 186.0
68348 200.0
68346 165.0
68346 201.0
68323 202.0
68303 176.0
68303 199.0
68303 205.0
68257 169.0
68257 166.0
68250 180.0
68246 182.0
68246 196.0
68246 198.0
68213 175.0
68213 169.0
68213 166.0
68189 178.0
68181 193.0
68140 177.0
68140 164.0
68140 207.0
68137 246.0
68137 271.0
68128 293.0
68128 312.0
68123 226.0
68074 194.0
68067 275.0
68067 205.0
68067 256.0
68037 215.0
68037 213.0
68037 196.0
68012 323.0
68003 236.0
67985 237.0
67982 189.0
67982 252.0
67968 203.0
67945 221.0
67922 175.0
67922 209.0
67922 172.0
67922 204.0
67919 223.0
67919 188.0
67899 248.0
67899 271.0
67886 174.0
67886 234.0
67886 258.0
67885 168.0
67885 195.0
67860 187.0
67860 238.0
67860 205.0
67860 180.0
67830 167.0
67827 246.0
67800 168.0
67800 167.0
67800 176.0
67800 338.0
67800 241.0
67800 196.0
67800 176.0
67787 175.0
67787 194.0
67787 184.0
67787 202.0
67786 164.0
67744 206.0
67723 215.0
67717 205.0
67717 223.0
67717 177.0
67717 206.0
67704 197.0
67704 180.0
67704 169.0
67686 251.0
67680 422.0
67680 585.0
67680 285.0
67680 206.0
67671 198.0
67662 184.0
67662 202.0
67653 160.0
67642 267.0
67614 289.0
67614 182.0
67609 169.0
67609 166.0
67609 177.0
67609 188.0
67552 191.0
67523 206.0
67523 169.0
67521 164.0
67521 181.0
67521 182.0
67521 199.0
67521 178.0
67513 165.0
67464 171.0
67430 185.0
67430 182.0
67430 186.0
67424 189.0
67424 201.0
67413 179.0
67413 167.0
67409 161.0
67406 171.0
67385 170.0
67352 192.0
67328 201.0
67326 162.0
67315 199.0
67269 197.0
67247 163.0
67246 206.0
67229 194.0
67229 192.0
67229 200.0
67203 159.0
67203 207.0
67137 181.0
67137 170.0
67110 206.0
67110 164.0
67110 169.0
67110 209.0
67110 191.0
67098 161.0
67098 176.0
67098 181.0
67098 202.0
67074 190.0
67047 160.0
67047 171.0
66974 163.0
66961 160.0
66951 168.0
66951 165.0
66902 169.0
66891 206.0
66891 191.0
66891 159.0
66891 182.0
66891 192.0
66865 162.0
66810 211.0
66747 194.0
66747 183.0
66714 194.0
66688 213.0
66663 195.0
66655 193.0
66655 206.0
66655 200.0
66655 204.0
66655 199.0
66655 187.0
66655 203.0
66644 197.0
66623 170.0
66607 200.0
66607 165.0
66607 196.0
66589 171.0
66577 196.0
66577 171.0
66577 196.0
66539 162.0
66510 205.0
66506 166.0
66505 195.0
66505 209.0
66482 166.0
66482 214.0
66482 170.0
66482 171.0
66482 209.0
66482 166.0
66468 168.0
66461 194.0
66461 192.0
66461 163.0
66461 169.0
66431 177.0
66421 181.0
66413 183.0
66413 195.0
66391 177.0
66391 164.0
66391 169.0
66391 185.0
66385 184.0
66381 196.0
66357 169.0
66357 167.0
66357 178.0
66350 195.0
66310 196.0
66310 171.0
66272 175.0
66262 194.0
66262 189.0
66252 161.0
66238 175.0
66238 307.0
66215 201.0
66215 207.0
66215 209.0
66190 253.0
66182 179.0
66182 217.0
66181 209.0
66095 208.0
66095 213.0
66095 169.0
66095 328.0
66095 348.0
66069 167.0
66063 177.0
66051 210.0
66045 359.0
66045 176.0
66045 169.0
66032 179.0
66028 207.0
66007 191.0
66007 207.0
66000 172.0
65990 166.0
65990 183.0
65959 182.0
65959 196.0
65918 167.0
65918 167.0
65918 178.0
65892 207.0
65874 191.0
65874 159.0
65861 181.0
65861 167.0
65856 183.0
65856 166.0
65815 159.0
65801 168.0
65753 166.0
65747 200.0
65747 204.0
65747 171.0
65747 181.0
65747 230.0
65747 193.0
65745 179.0
65733 205.0
65731 215.0
65731 349.0
65721 195.0
65721 175.0
65721 196.0
65721 169.0
65721 177.0
65717 195.0
65688 192.0
65679 169.0
65675 184.0
65675 206.0
65675 193.0
65669 173.0
65669 163.0
65669 164.0
65669 177.0
65669 171.0
65669 164.0
65660 185.0
65660 198.0
65644 174.0
65644 185.0
65594 187.0
65594 193.0
65593 210.0
65556 159.0
65556 181.0
65556 198.0
65556 167.0
65556 183.0
65548 177.0
65548 192.0
65548 205.0
65541 163.0
65541 182.0
65541 179.0
65541 188.0
65523 204.0
65523 168.0
65483 162.0
65483 172.0
65483 167.0
65483 169.0
65483 183.0
65483 196.0
65449 196.0
65449 169.0
65413 190.0
65409 202.0
65409 163.0
65352 175.0
65352 404.0
65349 262.0
65349 201.0
65293 194.0
65276 312.0
65260 260.0
65260 171.0
65256 167.0
65223 205.0
65223 194.0
65223 163.0
65223 178.0
65223 184.0
65223 195.0
65205 199.0
65179 168.0
65159 166.0
65159 169.0
65159 162.0
65159 172.0
65154 169.0
65154 172.0
65154 207.0
65144 205.0
65120 163.0
65120 190.0
65120 196.0
65114 162.0
65114 194.0
65114 195.0
65114 180.0
65114 205.0
65096 199.0
65096 197.0
65092 197.0
65092 185.0
65073 196.0
65037 164.0
65011 205.0
65002 164.0
65002 179.0
65002 201.0
65002 163.0
65002 195.0
64973 200.0
64952 164.0
64925 191.0
64925 195.0
64908 171.0
64908 177.0
64905 169.0
64879 181.0
64879 197.0
64879 197.0
64879 177.0
64836 171.0
64836 181.0
64827 212.0
64809 198.0
64805 162.0
64801 192.0
64747 200.0
64736 180.0
64736 162.0
64736 171.0
64736 182.0
64736 183.0
64736 194.0
64736 173.0
64714 167.0
64714 174.0
64714 196.0
64714 192.0
64714 160.0
64714 179.0
64684 177.0
64680 201.0
64680 274.0
64680 167.0
64666 177.0
64655 165.0
64651 266.0
64651 257.0
64651 198.0
64651 200.0
64651 174.0
64642 191.0
64642 192.0
64642 180.0
64629 205.0
64629 168.0
64577 175.0
64577 206.0
64577 172.0
64485 190.0
64485 201.0
64457 164.0
64437 190.0
64425 198.0
64401 206.0
64401 168.0
64401 160.0
64394 169.0
64379 191.0
64379 192.0
64330 179.0
64330 194.0
64330 171.0
64330 211.0
64330 176.0
64295 182.0
64295 196.0
64295 161.0
64295 192.0
64295 195.0
64288 160.0
64277 189.0
64277 191.0
64248 190.0
64248 174.0
64220 163.0
64220 166.0
64218 180.0
64187 193.0
64187 182.0
64185 171.0
64171 168.0
64171 185.0
64151 190.0
64151 199.0
64151 202.0
64151 187.0
64142 189.0
64142 194.0
64133 181.0
64133 360.0
64133 196.0
64133 180.0
64112 197.0
64112 185.0
64112 184.0
64112 184.0
64112 198.0
64112 168.0
64062 184.0
64062 217.0
64062 165.0
64055 176.0
64055 201.0
64055 168.0
64051 170.0
64045 327.0
64045 281.0
64037 189.0
63983 180.0
63980 196.0
63969 162.0
63969 286.0
63907 214.0
63893 167.0
63893 181.0
63893 264.0
63893 273.0
63893 173.0
63893 198.0
63877 165.0
63828 163.0
63811 184.0
63803 188.0
63803 194.0
63803 176.0
63803 163.0
63803 165.0
63803 165.0
63803 161.0
63803 167.0
63803 176.0
63803 176.0
63767 180.0
63742 173.0
63701 181.0
63679 197.0
63660 161.0
63660 172.0
63660 213.0
63660 198.0
63660 163.0
63660 199.0
63618 175.0
63618 205.0
63618 195.0
63610 175.0
63585 209.0
63573 159.0
63573 184.0
63573 204.0
63532 160.0
63532 181.0
63532 199.0
63532 191.0
63532 170.0
63499 166.0
63476 176.0
63474 193.0
63459 188.0
63456 197.0
63454 196.0
63431 166.0
63431 179.0
63431 165.0
63427 175.0
63419 186.0
63413 178.0
63368 176.0
63368 186.0
63368 180.0
63355 200.0
63355 171.0
63336 164.0
63307 175.0
63285 184.0
63285 186.0
63255 206.0
63239 198.0
63239 196.0
63239 196.0
63239 198.0
63235 205.0
63235 195.0
63235 166.0
63235 174.0
63235 164.0
63235 166.0
63202 173.0
63188 166.0
63188 164.0
63188 174.0
